0 1 0.000203673 -0.000203549 0.10077
0 0.000203549 -1 -0.000611061 0.445145
0 -0.000203673 0.00061102 -1 0.369983
0 0 0 0 1
0 0.955969 0.258129 0.139615 0.077266
0 0.250471 -0.965576 0.0701976 0.492148
0 0.152929 -0.0321373 -0.987714 0.450259
0 0 0 0 1
0 0.838466 0.309574 0.448484 0.12373
0 0.42501 -0.886579 -0.182602 0.467117
0 0.341087 0.343716 -0.874939 0.415757
0 0 0 0 1
0 0.771525 0.0411432 0.634867 0.228198
0 0.129801 -0.987096 -0.0937714 0.447343
0 0.622817 0.154753 -0.76691 0.537144
0 0 0 0 1
0 0.732546 0.0358016 0.679775 0.239802
0 0.185242 -0.971414 -0.148461 0.439634
0 0.655028 0.234678 -0.718238 0.5352
0 0 0 0 1
0 0.543258 0.00554924 0.839547 0.284955
0 0.480219 -0.8223 -0.305307 0.412806
0 0.688665 0.569028 -0.449386 0.535604
0 0 0 0 1
0 0.338925 -0.0287322 0.940374 0.319854
0 0.774347 -0.559168 -0.296171 0.402701
0 0.534337 0.828556 -0.167267 0.541374
0 0 0 0 1
0 0.123949 -0.0609564 0.990415 0.34502
0 0.964953 -0.225261 -0.134626 0.408767
0 0.231308 0.97239 0.0308992 0.539644
0 0 0 0 1
0 -0.104753 -0.0904485 0.990377 0.360187
0 0.985978 0.120632 0.115305 0.423253
0 -0.1299 0.988568 0.0765437 0.521449
0 0 0 0 1
0 -0.346972 -0.120504 0.930102 0.36384
0 0.829573 0.423196 0.364299 0.434868
0 -0.437515 0.897989 -0.0468699 0.485181
0 0 0 0 1
0 -0.589374 -0.153346 0.793173 0.35393
0 0.545996 0.648025 0.530991 0.433642
0 -0.595422 0.746022 -0.298203 0.437377
0 0 0 0 1
0 -0.684464 -0.528103 0.502609 0.187071
0 0.10182 0.613404 0.783178 0.547607
0 -0.721901 0.587233 -0.366082 0.380823
0 0 0 0 1
0 -0.54104 -0.69199 0.477939 0.200558
0 -0.393897 0.710621 0.582978 0.492806
0 -0.743048 0.127155 -0.657047 0.229165
0 0 0 0 1
0 -0.508411 -0.837157 0.201712 0.0944618
0 -0.744827 0.545073 0.384874 0.462943
0 -0.432147 0.0454335 -0.900658 0.190686
0 0 0 0 1
0 -0.173302 -0.939137 0.296626 0.0945314
0 -0.937391 0.249674 0.242817 0.488673
0 -0.302098 -0.235974 -0.923609 0.133862
0 0 0 0 1
0 1.66533e-16 -1 -5.32293e-16 -1.73472e-17
0 -1 -1.11022e-16 2.04359e-15 0.45
0 -2.01102e-15 5.09072e-16 -1 0.128
0 0 0 0 1
0 1.66533e-16 -1 -5.32293e-16 -1.73472e-17
0 -1 -1.11022e-16 2.04359e-15 0.45
0 -2.01102e-15 5.09072e-16 -1 0.128
0 0 0 0 1
0 -0.524424 -0.851125 0.0238021 0.113352
0 -0.850645 0.524939 0.0290233 0.45035
0 -0.0371971 -0.00502667 -0.999295 0.12939
0 0 0 0 1
0 -0.891637 -0.448844 0.0593557 0.227031
0 -0.446727 0.893494 0.0458547 0.423928
0 -0.0736156 0.0143699 -0.997183 0.13098
0 0 0 0 1
0 -0.858292 -0.408048 0.311177 0.270613
0 -0.185392 0.812 0.553431 0.497059
0 -0.478502 0.417316 -0.772582 0.255856
0 0 0 0 1
0 -0.917076 -0.125146 0.378563 0.336435
0 0.0935726 0.855392 0.509458 0.468051
0 -0.387577 0.502635 -0.77275 0.253962
0 0 0 0 1
0 -0.810354 0.33966 0.477448 0.439517
0 0.549439 0.72359 0.417773 0.400989
0 -0.203576 0.600873 -0.772987 0.250341
0 0 0 0 1
0 -0.482234 0.678011 0.554753 0.52909
0 0.87604 0.371614 0.30734 0.312529
0 0.00222536 0.634196 -0.773169 0.246174
0 0 0 0 1
0 -0.0304271 0.794101 0.607024 0.600623
0 0.97773 -0.102519 0.183124 0.205493
0 0.20765 0.599077 -0.773297 0.241475
0 0 0 0 1
0 0.411954 0.656479 0.631925 0.650201
0 0.823249 -0.565411 0.0507022 0.0836827
0 0.390583 0.499345 -0.773369 0.236255
0 0 0 0 1
0 0.714763 0.307072 0.628348 0.674732
0 0.454746 -0.886653 -0.0839818 -0.0482687
0 0.531338 0.345766 -0.773386 0.230528
0 0 0 0 1
0 0.788329 -0.150926 0.596455 0.672131
0 -0.024336 -0.976336 -0.214886 -0.185075
0 0.614772 0.154885 -0.773347 0.224308
0 0 0 0 1
0 0.609299 -0.582805 0.537673 0.641452
0 -0.479017 -0.810898 -0.336136 -0.321023
0 0.6319 -0.0527477 -0.773253 0.21761
0 0 0 0 1
0 0.227368 -0.861169 0.454634 0.582982
0 -0.781605 -0.439857 -0.442289 -0.450222
0 0.58086 -0.254782 -0.773103 0.210449
0 0 0 0 1
0 0.151422 -0.985921 0.0709371 0.374387
0 -0.904476 -0.167147 -0.392408 -0.559119
0 0.39874 -0.00474154 -0.917052 0.153913
0 0 0 0 1
0 0 -1 9.37637e-16 0.3
0 -1 -5.55112e-17 -1.10405e-15 -0.5
0 1.09815e-15 -9.56047e-16 -1 0.128
0 0 0 0 1
0 0 -1 9.37637e-16 0.3
0 -1 -5.55112e-17 -1.10405e-15 -0.5
0 1.09815e-15 -9.56047e-16 -1 0.128
0 0 0 0 1
0 1 0.000203673 -0.000203549 0.10077
0 0.000203549 -1 -0.000611061 0.445145
0 -0.000203673 0.00061102 -1 0.369983
0 0 0 0 1
1 1 0.000203673 -0.000203549 0.10077
1 0.000203549 -1 -0.000611061 0.445145
1 -0.000203673 0.00061102 -1 0.369983
1 0 0 0 1
1 0.989836 -0.00990467 0.141869 0.0742204
1 -0.0266645 -0.992806 0.116727 0.383984
1 0.139693 -0.119324 -0.982979 0.502149
1 0 0 0 1
1 0.859729 -0.0195429 0.510376 0.157844
1 -0.0915397 -0.988983 0.11633 0.357498
1 0.50248 -0.146732 -0.852047 0.540203
1 0 0 0 1
1 0.766657 -0.0237623 0.641617 0.188139
1 -0.112895 -0.988735 0.0982785 0.343146
1 0.632053 -0.147781 -0.760703 0.561303
1 0 0 0 1
1 0.797551 0.238526 0.554091 0.131133
1 0.381432 -0.910991 -0.156862 0.383822
1 0.467356 0.336453 -0.817543 0.482709
1 0 0 0 1
1 0.554772 0.307694 0.773015 0.161182
1 0.702044 -0.67173 -0.236459 0.39266
1 0.446501 0.673871 -0.588672 0.487281
1 0 0 0 1
1 0.277701 0.265448 0.923266 0.181223
1 0.935136 -0.294793 -0.196515 0.414777
1 0.220008 0.917951 -0.330094 0.49739
1 0 0 0 1
1 0.0247679 0.112781 0.993311 0.189423
1 0.988929 0.142652 -0.0408555 0.450287
1 -0.146306 0.983326 -0.108 0.503957
1 0 0 0 1
1 -0.153138 -0.12273 0.980554 0.185285
1 0.827591 0.526326 0.195126 0.494684
1 -0.540039 0.841379 0.0209697 0.499149
1 0 0 0 1
1 -0.22451 -0.394737 0.890942 0.169595
1 0.486608 0.746718 0.453459 0.540163
1 -0.84428 0.535346 0.0244363 0.478591
1 0 0 0 1
1 -0.183239 -0.65029 0.737256 0.144169
1 0.0592513 0.741285 0.66857 0.577853
1 -0.981281 0.166192 -0.0973021 0.442629
1 0 0 0 1
1 -0.0476971 -0.842538 0.536521 0.11146
1 -0.340173 0.518725 0.784351 0.600366
1 -0.939152 -0.145099 -0.311351 0.396302
1 0 0 0 1
1 -0.215758 -0.896289 0.387446 0.148154
1 -0.552922 0.439192 0.708087 0.5491
1 -0.804814 -0.061452 -0.590337 0.301179
1 0 0 0 1
1 -0.149701 -0.965573 0.212742 0.050137
1 -0.920228 0.214761 0.327197 0.491248
1 -0.361621 -0.14679 -0.920697 0.13686
1 0 0 0 1
1 1.66533e-16 -1 -5.32293e-16 -1.73472e-17
1 -1 -1.11022e-16 2.04359e-15 0.45
1 -2.01102e-15 5.09072e-16 -1 0.128
1 0 0 0 1
1 1.66533e-16 -1 -5.32293e-16 -1.73472e-17
1 -1 -1.11022e-16 2.04359e-15 0.45
1 -2.01102e-15 5.09072e-16 -1 0.128
1 0 0 0 1
1 -0.529657 -0.84785 0.0247712 0.120291
1 -0.84769 0.53013 0.0196063 0.441516
1 -0.0297551 -0.0106137 -0.999501 0.128747
1 0 0 0 1
1 -0.897306 -0.437658 0.0574189 0.236777
1 -0.436872 0.89914 0.0262714 0.403497
1 -0.0631255 -0.00151123 -0.998004 0.129656
1 0 0 0 1
1 -0.882339 -0.468257 -0.047047 0.183048
1 -0.418644 0.735303 0.53298 0.455061
1 -0.214978 0.489965 -0.844819 0.32997
1 0 0 0 1
1 -0.969129 -0.197172 0.14803 0.292924
1 -0.070554 0.797063 0.59976 0.430645
1 -0.236245 0.570801 -0.786368 0.333505
1 0 0 0 1
1 -0.871168 0.177926 0.457611 0.44711
1 0.443634 0.684591 0.578381 0.349213
1 -0.210367 0.706879 -0.675328 0.343807
1 0 0 0 1
1 -0.547413 0.402858 0.733515 0.574962
1 0.829772 0.375145 0.413213 0.21601
1 -0.108708 0.834848 -0.53964 0.359687
1 0 0 0 1
1 -0.116008 0.391339 0.912905 0.658196
1 0.991201 -0.0133691 0.131688 0.0405805
1 0.0637394 0.92015 -0.386344 0.380333
1 0 0 0 1
1 0.272471 0.144429 0.951262 0.682535
1 0.918514 -0.333456 -0.212462 -0.160733
1 0.286518 0.931637 -0.223517 0.404714
1 0 0 0 1
1 0.494899 -0.248145 0.832766 0.640303
1 0.691704 -0.467563 -0.550391 -0.366724
1 0.525947 0.848416 -0.0597531 0.431643
1 0 0 0 1
1 0.50459 -0.644707 0.574232 0.532001
1 0.444169 -0.376492 -0.812999 -0.55423
1 0.74034 0.665287 0.0963851 0.459868
1 0 0 0 1
1 0.347042 -0.911297 0.221586 0.366532
1 0.303543 -0.11441 -0.945924 -0.701456
1 0.887369 0.395536 0.236912 0.488149
1 0 0 0 1
1 0.241362 -0.934014 0.263367 0.34402
1 0.0890396 -0.248932 -0.96442 -0.665214
1 0.966342 0.256224 0.0230816 0.470929
1 0 0 0 1
1 0.277748 -0.833126 0.478285 0.413716
1 -0.192847 -0.536094 -0.821835 -0.635755
1 0.941098 0.136027 -0.309565 0.348552
1 0 0 0 1
1 0.424364 -0.818504 0.387255 0.435276
1 -0.436384 -0.559599 -0.704569 -0.535249
1 0.7934 0.130001 -0.594656 0.291438
1 0 0 0 1
1 0.34726 -0.917205 0.195311 0.318553
1 -0.789207 -0.398333 -0.467422 -0.558043
1 0.50652 0.00817572 -0.862189 0.154363
1 0 0 0 1
1 0.0424242 -0.996521 -0.0717393 0.224765
1 -0.941866 -0.0159368 -0.335612 -0.571619
1 0.333301 0.0818069 -0.939265 0.145343
1 0 0 0 1
1 0 -1 9.37637e-16 0.3
1 -1 -5.55112e-17 -1.10405e-15 -0.5
1 1.09815e-15 -9.56047e-16 -1 0.128
1 0 0 0 1
1 0 -1 9.37637e-16 0.3
1 -1 -5.55112e-17 -1.10405e-15 -0.5
1 1.09815e-15 -9.56047e-16 -1 0.128
1 0 0 0 1
1 1 0.000203673 -0.000203549 0.10077
1 0.000203549 -1 -0.000611061 0.445145
1 -0.000203673 0.00061102 -1 0.369983
1 0 0 0 1
2 1 0.000203673 -0.000203549 0.10077
2 0.000203549 -1 -0.000611061 0.445145
2 -0.000203673 0.00061102 -1 0.369983
2 0 0 0 1
2 0.994358 -0.0909535 0.0545814 0.0947993
2 -0.103439 -0.945414 0.309019 0.494974
2 0.0234956 -0.312922 -0.949488 0.528044
2 0 0 0 1
2 0.934481 0.0348013 0.354308 0.13684
2 0.0242896 -0.999124 0.0340741 0.480528
2 0.355184 -0.0232356 -0.934508 0.481241
2 0 0 0 1
2 0.770614 0.131661 0.623554 0.174219
2 0.306884 -0.934181 -0.18201 0.46606
2 0.558549 0.331618 -0.760297 0.457818
2 0 0 0 1
2 0.525061 0.168332 0.834251 0.202778
2 0.646207 -0.716748 -0.262087 0.463687
2 0.55383 0.67671 -0.485113 0.451108
2 0 0 0 1
2 0.235332 0.125735 0.963748 0.219149
2 0.913439 -0.367372 -0.175119 0.479061
2 0.332036 0.921536 -0.201306 0.449027
2 0 0 0 1
2 -0.0530377 0.00207607 0.99859 0.221326
2 0.997849 0.0387029 0.0529178 0.509608
2 -0.0385385 0.999249 -0.00412432 0.438699
2 0 0 0 1
2 -0.296068 -0.186208 0.936841 0.209009
2 0.84929 0.397508 0.347409 0.545697
2 -0.437092 0.898507 0.0404549 0.41127
2 0 0 0 1
2 -0.46064 -0.408171 0.788167 0.183617
2 0.496299 0.617751 0.609976 0.574314
2 -0.735865 0.672146 -0.0819856 0.365236
2 0 0 0 1
2 -0.530828 -0.625676 0.571621 0.147954
2 0.0325355 0.658953 0.75148 0.583959
2 -0.846855 0.417505 -0.329434 0.307139
2 0 0 0 1
2 -0.509609 -0.801952 0.311724 0.105614
2 -0.421583 0.548563 0.722043 0.569084
2 -0.750044 0.236542 -0.617642 0.249382
2 0 0 0 1
2 -0.41596 -0.908746 0.0340398 0.0603248
2 -0.764551 0.369735 0.527975 0.532518
2 -0.49238 0.193591 -0.848578 0.205904
2 0 0 0 1
2 -0.369489 -0.926841 -0.0666603 0.0438046
2 -0.85005 0.308155 0.427147 0.515764
2 -0.375356 0.214491 -0.901722 0.195887
2 0 0 0 1
2 1.66533e-16 -1 -5.32293e-16 -1.73472e-17
2 -1 -1.11022e-16 2.04359e-15 0.45
2 -2.01102e-15 5.09072e-16 -1 0.128
2 0 0 0 1
2 1.66533e-16 -1 -5.32293e-16 -1.73472e-17
2 -1 -1.11022e-16 2.04359e-15 0.45
2 -2.01102e-15 5.09072e-16 -1 0.128
2 0 0 0 1
2 -0.526126 -0.850142 0.0212292 0.113807
2 -0.849955 0.526496 0.0194529 0.445653
2 -0.0277148 -0.00780925 -0.999585 0.132762
2 0 0 0 1
2 -0.893894 -0.445468 0.0501236 0.225848
2 -0.444579 0.895293 0.0282943 0.414537
2 -0.0574795 0.00300824 -0.998342 0.137726
2 0 0 0 1
2 -0.900143 -0.376819 0.218519 0.225249
2 -0.273775 0.879599 0.389041 0.471422
2 -0.338807 0.290367 -0.894928 0.15188
2 0 0 0 1
2 -0.908529 -0.0125327 0.417634 0.313238
2 0.250181 0.784241 0.567782 0.490973
2 -0.334642 0.62033 -0.70937 0.221927
2 0 0 0 1
2 -0.742715 0.239405 0.625348 0.402177
2 0.661973 0.403142 0.631877 0.482856
2 -0.100829 0.883268 -0.457899 0.309801
2 0 0 0 1
2 -0.541209 0.305614 0.783386 0.474125
2 0.806657 -0.0744138 0.586316 0.450042
2 0.237481 0.949243 -0.206253 0.398698
2 0 0 0 1
2 -0.45059 0.46684 0.76094 0.512797
2 0.890592 0.294032 0.346973 0.390475
2 -0.0617601 0.83403 -0.548252 0.310887
2 0 0 0 1
2 -0.619718 0.655521 0.431558 0.451364
2 0.784428 0.49987 0.367156 0.353394
2 0.0249557 0.566059 -0.823987 0.229972
2 0 0 0 1
2 -0.199211 0.825802 0.527604 0.528218
2 0.94798 0.0259835 0.317267 0.267792
2 0.248291 0.563361 -0.78802 0.265397
2 0 0 0 1
2 0.231988 0.751758 0.617285 0.586343
2 0.853571 -0.461656 0.241436 0.165413
2 0.466475 0.470886 -0.748777 0.301798
2 0 0 0 1
2 0.546809 0.468915 0.693627 0.621884
2 0.535395 -0.832765 0.140908 0.0509078
2 0.643702 0.294314 -0.706418 0.338911
2 0 0 0 1
2 0.657465 0.0718673 0.75005 0.632235
2 0.0874602 -0.995991 0.0187683 -0.0701786
2 0.748392 0.05326 -0.661115 0.376472
2 0 0 0 1
2 0.539044 -0.315777 0.780843 0.616244
2 -0.366389 -0.922665 -0.120199 -0.191761
2 0.758413 -0.2213 -0.613055 0.414215
2 0 0 0 1
2 0.416554 -0.727159 0.545639 0.513398
2 -0.67695 -0.648713 -0.347721 -0.37337
2 0.606812 -0.224526 -0.762475 0.33584
2 0 0 0 1
2 0.382494 -0.923247 0.0362442 0.373595
2 -0.878114 -0.375438 -0.296583 -0.493963
2 0.287427 0.0816145 -0.954319 0.187899
2 0 0 0 1
2 0 -1 9.37637e-16 0.3
2 -1 -5.55112e-17 -1.10405e-15 -0.5
2 1.09815e-15 -9.56047e-16 -1 0.128
2 0 0 0 1
2 0 -1 9.37637e-16 0.3
2 -1 -5.55112e-17 -1.10405e-15 -0.5
2 1.09815e-15 -9.56047e-16 -1 0.128
2 0 0 0 1
2 1 0.000203673 -0.000203549 0.10077
2 0.000203549 -1 -0.000611061 0.445145
2 -0.000203673 0.00061102 -1 0.369983
2 0 0 0 1
3 1 0.000203673 -0.000203549 0.10077
3 0.000203549 -1 -0.000611061 0.445145
3 -0.000203673 0.00061102 -1 0.369983
3 0 0 0 1
3 0.947946 -0.164756 0.272497 0.261975
3 -0.192176 -0.978334 0.0770158 0.391022
3 0.253904 -0.125374 -0.959069 0.453245
3 0 0 0 1
3 0.740613 -0.388157 0.548476 0.401812
3 -0.464043 -0.885812 -0.000287791 0.280199
3 0.485958 -0.254303 -0.836166 0.542068
3 0 0 0 1
3 0.744022 -0.288616 0.602605 0.396699
3 -0.115692 -0.943919 -0.309246 0.283173
3 0.658063 0.160369 -0.735687 0.507415
3 0 0 0 1
3 0.686529 -0.152619 0.710905 0.389545
3 0.322284 -0.812559 -0.485676 0.295863
3 0.651776 0.562543 -0.508659 0.491225
3 0 0 0 1
3 0.529231 -0.0360535 0.847711 0.379058
3 0.723391 -0.502961 -0.473008 0.32589
3 0.443419 0.863557 -0.240102 0.483793
3 0 0 0 1
3 0.275186 0.0051592 0.961377 0.36023
3 0.958017 -0.0851801 -0.273767 0.373257
3 0.0804778 0.996352 -0.0283829 0.472995
3 0 0 0 1
3 -0.027602 -0.0608362 0.997766 0.32745
3 0.942249 0.331697 0.0462906 0.429602
3 -0.333773 0.941422 0.0481674 0.449102
3 0 0 0 1
3 -0.304997 -0.227221 0.92485 0.277851
3 0.670867 0.638014 0.377989 0.480934
3 -0.675954 0.735737 -0.0421572 0.408626
3 0 0 0 1
3 -0.487816 -0.451407 0.747173 0.213242
3 0.220103 0.764665 0.605676 0.512839
3 -0.844743 0.459913 -0.27366 0.355833
3 0 0 0 1
3 -0.539929 -0.674294 0.503789 0.139679
3 -0.280824 0.708545 0.647381 0.516103
3 -0.793483 0.208064 -0.571922 0.301379
3 0 0 0 1
3 -0.485548 -0.826899 0.283692 0.0748269
3 -0.649493 0.558426 0.516061 0.495368
3 -0.585152 0.0663167 -0.808208 0.263193
3 0 0 0 1
3 -0.164495 -0.96129 0.22105 0.0571698
3 -0.911972 0.233606 0.337246 0.495424
3 -0.375829 -0.146116 -0.915097 0.145638
3 0 0 0 1
3 1.66533e-16 -1 -5.32293e-16 -1.73472e-17
3 -1 -1.11022e-16 2.04359e-15 0.45
3 -2.01102e-15 5.09072e-16 -1 0.128
3 0 0 0 1
3 1.66533e-16 -1 -5.32293e-16 -1.73472e-17
3 -1 -1.11022e-16 2.04359e-15 0.45
3 -2.01102e-15 5.09072e-16 -1 0.128
3 0 0 0 1
3 -0.4412 -0.879086 0.180416 0.170657
3 -0.863626 0.470564 0.180887 0.465035
3 -0.243912 -0.076005 -0.966814 0.154077
3 0 0 0 1
3 -0.827808 -0.511449 0.230551 0.277984
3 -0.486348 0.859083 0.159506 0.422454
3 -0.279641 0.0199127 -0.959898 0.156532
3 0 0 0 1
3 -0.803105 -0.594487 0.0400869 0.1635
3 -0.455094 0.655439 0.602735 0.540193
3 -0.384593 0.465816 -0.796934 0.273623
3 0 0 0 1
3 -0.980938 -0.124051 0.149574 0.277923
3 -0.0242171 0.841763 0.539304 0.494509
3 -0.192807 0.525401 -0.828721 0.267449
3 0 0 0 1
3 -0.894619 0.380208 0.234729 0.380841
3 0.446776 0.769233 0.456805 0.426328
3 -0.00688051 0.513538 -0.858039 0.2615
3 0 0 0 1
3 -0.560395 0.774833 0.29256 0.467861
3 0.81477 0.452339 0.362683 0.338464
3 0.148682 0.441615 -0.884799 0.255781
3 0 0 0 1
3 -0.0684241 0.944213 0.32215 0.535268
3 0.964106 -0.0204554 0.264729 0.234579
3 0.25655 0.328701 -0.908921 0.250298
3 0 0 0 1
3 0.227713 0.917273 0.326737 0.563565
3 0.928609 -0.30553 0.210562 0.170395
3 0.29297 0.255464 -0.921361 0.247304
3 0 0 0 1
3 0.382657 0.917017 0.112489 0.536212
3 0.92389 -0.379673 -0.04771 -0.00407577
3 -0.00104179 0.122184 -0.992507 0.140144
3 0 0 0 1
3 0.807367 0.58461 0.0799325 0.533462
3 0.589212 -0.806003 -0.0564572 -0.118179
3 0.0314204 0.0926789 -0.9952 0.137684
3 0 0 0 1
3 0.99572 0.0779588 0.0496352 0.506956
3 0.0806232 -0.995272 -0.0541533 -0.229563
3 0.0451788 0.0579233 -0.997298 0.135239
3 0 0 0 1
3 0.890917 -0.453496 0.0246797 0.457707
3 -0.452295 -0.890863 -0.0423346 -0.333314
3 0.0411848 0.0265541 -0.998799 0.132809
3 0 0 0 1
3 0.522928 -0.852343 0.00756049 0.387739
3 -0.852044 -0.522951 -0.0233155 -0.424826
3 0.0238266 0.00575046 -0.9997 0.130396
3 0 0 0 1
3 0 -1 9.37637e-16 0.3
3 -1 -5.55112e-17 -1.10405e-15 -0.5
3 1.09815e-15 -9.56047e-16 -1 0.128
3 0 0 0 1
3 0 -1 9.37637e-16 0.3
3 -1 -5.55112e-17 -1.10405e-15 -0.5
3 1.09815e-15 -9.56047e-16 -1 0.128
3 0 0 0 1
3 1 0.000203673 -0.000203549 0.10077
3 0.000203549 -1 -0.000611061 0.445145
3 -0.000203673 0.00061102 -1 0.369983
3 0 0 0 1
4 1 0.000203673 -0.000203549 0.10077
4 0.000203549 -1 -0.000611061 0.445145
4 -0.000203673 0.00061102 -1 0.369983
4 0 0 0 1
4 0.964678 0.175331 0.196612 0.13638
4 0.16779 -0.984315 0.0545094 0.385745
4 0.203085 -0.0195944 -0.978965 0.481464
4 0 0 0 1
4 0.885148 0.0245929 0.464659 0.274774
4 -0.0464589 -0.988941 0.140843 0.345265
4 0.462985 -0.146254 -0.874217 0.563575
4 0 0 0 1
4 0.784578 0.101643 0.611642 0.304094
4 0.271673 -0.943091 -0.191763 0.335731
4 0.557342 0.31662 -0.767542 0.524276
4 0 0 0 1
4 0.644202 0.159484 0.748043 0.328097
4 0.627843 -0.668832 -0.398092 0.334248
4 0.436825 0.726105 -0.530994 0.502975
4 0 0 0 1
4 0.462691 0.173166 0.869443 0.346561
4 0.879067 -0.216517 -0.424689 0.349441
4 0.114707 0.960798 -0.252405 0.489462
4 0 0 0 1
4 0.252292 0.117438 0.960498 0.357783
4 0.915514 0.292453 -0.276234 0.381959
4 -0.313341 0.949041 -0.0337327 0.470982
4 0 0 0 1
4 0.0412997 -0.0213597 0.998918 0.35911
4 0.705083 0.708987 -0.0139911 0.424561
4 -0.707921 0.704898 0.0443414 0.437393
4 0 0 0 1
4 -0.132305 -0.235 0.962949 0.347998
4 0.304166 0.914993 0.265088 0.465082
4 -0.943387 0.327968 -0.0495793 0.385251
4 0 0 0 1
4 -0.233682 -0.49045 0.839554 0.32318
4 -0.169659 0.870782 0.46147 0.491224
4 -0.957397 -0.0346009 -0.286696 0.319361
4 0 0 0 1
4 -0.244632 -0.736787 0.630318 0.285503
4 -0.58912 0.629266 0.506915 0.495437
4 -0.770125 -0.247325 -0.587994 0.251223
4 0 0 0 1
4 -0.206306 -0.863776 0.459706 0.256137
4 -0.785811 0.426201 0.448166 0.486499
4 -0.583042 -0.268783 -0.766692 0.213126
4 0 0 0 1
4 0.0209209 -0.954881 0.296251 0.0839936
4 -0.974189 0.0471455 0.220756 0.478482
4 -0.224763 -0.293223 -0.929248 0.124405
4 0 0 0 1
4 1.66533e-16 -1 -5.32293e-16 -1.73472e-17
4 -1 -1.11022e-16 2.04359e-15 0.45
4 -2.01102e-15 5.09072e-16 -1 0.128
4 0 0 0 1
4 1.66533e-16 -1 -5.32293e-16 -1.73472e-17
4 -1 -1.11022e-16 2.04359e-15 0.45
4 -2.01102e-15 5.09072e-16 -1 0.128
4 0 0 0 1
4 -0.0505895 -0.955636 0.290172 0.109329
4 -0.936549 0.146303 0.318545 0.478465
4 -0.346866 -0.255645 -0.902402 0.214004
4 0 0 0 1
4 -0.528304 -0.771355 0.354832 0.225388
4 -0.720011 0.628494 0.294245 0.456312
4 -0.449978 -0.100032 -0.88742 0.202237
4 0 0 0 1
4 -0.62693 -0.604251 0.491772 0.211075
4 -0.349128 0.782197 0.516021 0.521281
4 -0.696469 0.151817 -0.701343 0.29799
4 0 0 0 1
4 -0.639993 -0.588717 0.493782 0.216921
4 -0.338237 0.792865 0.506912 0.518313
4 -0.689931 0.157405 -0.706555 0.295985
4 0 0 0 1
4 -0.850979 -0.170919 0.49661 0.335284
4 -0.0162455 0.953678 0.30039 0.434744
4 -0.524949 0.247558 -0.814337 0.253015
4 0 0 0 1
4 -0.850866 0.317466 0.41862 0.424109
4 0.395452 0.911575 0.112471 0.32477
4 -0.345897 0.261242 -0.90117 0.214274
4 0 0 0 1
4 -0.60509 0.748296 0.271883 0.478076
4 0.773354 0.63357 -0.0226178 0.199281
4 -0.189182 0.196576 -0.962065 0.180442
4 0 0 0 1
4 -0.127523 0.966043 0.22472 0.518585
4 0.98691 0.146141 -0.0681963 0.0956939
4 -0.0987215 0.213082 -0.972034 0.172797
4 0 0 0 1
4 0.396286 0.901924 0.171727 0.537079
4 0.917913 -0.385164 -0.0953109 -0.014432
4 -0.0198201 0.195401 -0.980523 0.165195
4 0 0 0 1
4 0.81196 0.571545 0.118564 0.532594
4 0.582587 -0.806112 -0.103806 -0.126425
4 0.0362456 0.15336 -0.987505 0.157641
4 0 0 0 1
4 0.995074 0.069559 0.0706312 0.505156
4 0.0761329 -0.992552 -0.095099 -0.2355
4 0.0634902 0.100008 -0.992959 0.150141
4 0 0 0 1
4 0.888721 -0.457283 0.0326571 0.455783
4 -0.454244 -0.887959 -0.072046 -0.336966
4 0.0619436 0.0491945 -0.996867 0.142699
4 0 0 0 1
4 0.521486 -0.853219 0.0083281 0.386449
4 -0.852441 -0.521388 -0.0387039 -0.426432
4 0.0373651 0.0130843 -0.999216 0.135317
4 0 0 0 1
4 0 -1 9.37637e-16 0.3
4 -1 -5.55112e-17 -1.10405e-15 -0.5
4 1.09815e-15 -9.56047e-16 -1 0.128
4 0 0 0 1
4 0 -1 9.37637e-16 0.3
4 -1 -5.55112e-17 -1.10405e-15 -0.5
4 1.09815e-15 -9.56047e-16 -1 0.128
4 0 0 0 1
4 1 0.000203673 -0.000203549 0.10077
4 0.000203549 -1 -0.000611061 0.445145
4 -0.000203673 0.00061102 -1 0.369983
4 0 0 0 1
5 1 0.000203673 -0.000203549 0.10077
5 0.000203549 -1 -0.000611061 0.445145
5 -0.000203673 0.00061102 -1 0.369983
5 0 0 0 1
5 0.933212 -0.338498 0.120557 0.265116
5 -0.356505 -0.914174 0.192847 0.435759
5 0.0449319 -0.222946 -0.973795 0.462977
5 0 0 0 1
5 0.888769 -0.352187 0.293351 0.251332
5 -0.457695 -0.716277 0.526747 0.499393
5 0.0246069 -0.602421 -0.797799 0.597494
5 0 0 0 1
5 0.888912 -0.350314 0.295152 0.251389
5 -0.457186 -0.718647 0.523954 0.499354
5 0.0285618 -0.600689 -0.798972 0.597055
5 0 0 0 1
5 0.868205 -0.165142 0.467919 0.255137
5 -0.312173 -0.914779 0.256372 0.491706
5 0.385705 -0.368656 -0.845769 0.563982
5 0 0 0 1
5 0.764494 0.0146979 0.644463 0.255736
5 0.000602753 -0.999756 0.0220858 0.482408
5 0.64463 -0.016496 -0.764316 0.548264
5 0 0 0 1
5 0.569265 0.143814 0.809478 0.251833
5 0.398284 -0.909576 -0.118496 0.480072
5 0.719241 0.389858 -0.575068 0.548216
5 0 0 0 1
5 0.30272 0.175219 0.936834 0.240514
5 0.759914 -0.637637 -0.126292 0.490516
5 0.575231 0.750145 -0.326177 0.557929
5 0 0 0 1
5 0.0158272 0.0796764 0.996695 0.21828
5 0.969236 -0.246094 0.00428176 0.514895
5 0.245622 0.965965 -0.0811203 0.569083
5 0 0 0 1
5 -0.222253 -0.136969 0.96532 0.18244
5 0.958354 0.15142 0.242134 0.549182
5 -0.179334 0.978934 0.0976115 0.573365
5 0 0 0 1
5 -0.347585 -0.428274 0.834126 0.13241
5 0.733372 0.430135 0.526449 0.58516
5 -0.584251 0.794711 0.164575 0.564859
5 0 0 0 1
5 -0.325722 -0.718354 0.614713 0.0704051
5 0.37067 0.501095 0.78199 0.612674
5 -0.869775 0.482567 0.103054 0.541775
5 0 0 0 1
5 -0.165508 -0.92654 0.337831 0.00124454
5 -0.0146528 0.344828 0.938551 0.622491
5 -0.9861 0.150388 -0.0706484 0.507059
5 0 0 0 1
5 0.0843614 -0.995361 0.0462629 -0.0687546
5 -0.314328 0.0174745 0.949154 0.608962
5 -0.945559 -0.0946137 -0.311396 0.467724
5 0 0 0 1
5 0.354576 -0.90965 -0.216363 -0.133465
5 -0.466842 -0.37272 0.801959 0.571715
5 -0.810145 -0.183348 -0.55682 0.433055
5 0 0 0 1
5 0.284104 -0.949959 -0.129855 -0.0674546
5 -0.835221 -0.311716 0.453033 0.511472
5 -0.470841 -0.0202509 -0.881986 0.292306
5 0 0 0 1
5 1.66533e-16 -1 -5.32293e-16 -1.73472e-17
5 -1 -1.11022e-16 2.04359e-15 0.45
5 -2.01102e-15 5.09072e-16 -1 0.128
5 0 0 0 1
5 1.66533e-16 -1 -5.32293e-16 -1.73472e-17
5 -1 -1.11022e-16 2.04359e-15 0.45
5 -2.01102e-15 5.09072e-16 -1 0.128
5 0 0 0 1
5 -0.318034 -0.942568 -0.102077 0.0849155
5 -0.85569 0.239013 0.458985 0.489438
5 -0.408227 0.233319 -0.882561 0.219123
5 0 0 0 1
5 -0.73507 -0.677952 0.00726557 0.171932
5 -0.58334 0.637876 0.50282 0.458812
5 -0.345523 0.36537 -0.86436 0.249381
5 0 0 0 1
5 -0.960944 -0.245958 0.126855 0.250876
5 -0.146329 0.840642 0.521449 0.412499
5 -0.234894 0.482521 -0.8438 0.279226
5 0 0 0 1
5 -0.93967 0.232381 0.251037 0.318753
5 0.332718 0.791392 0.512833 0.352484
5 -0.0794961 0.565419 -0.820964 0.30855
5 0 0 0 1
5 -0.763994 0.545334 0.344855 0.361398
5 0.64225 0.591485 0.487505 0.299231
5 0.0618766 0.593934 -0.802131 0.330435
5 0 0 0 1
5 -0.664621 0.725004 0.180686 0.454867
5 0.743699 0.618573 0.253533 0.24747
5 0.0720447 0.302879 -0.950302 0.185826
5 0 0 0 1
5 -0.179304 0.963423 0.199163 0.507851
5 0.973165 0.144017 0.179469 0.140318
5 0.144221 0.225998 -0.963392 0.177321
5 0 0 0 1
5 0.359832 0.912379 0.195155 0.53619
5 0.916267 -0.385011 0.110548 0.0238405
5 0.175999 0.139035 -0.974522 0.168896
5 0 0 0 1
5 0.791981 0.585787 0.1721 0.538372
5 0.586394 -0.808305 0.0527683 -0.0963264
5 0.170021 0.0591272 -0.983665 0.160551
5 0 0 0 1
5 0.987564 0.0807209 0.134913 0.514167
5 0.0799971 -0.996737 0.0107859 -0.214341
5 0.135343 0.000140829 -0.990799 0.152289
5 0 0 0 1
5 0.887673 -0.451686 0.0895324 0.46464
5 -0.452478 -0.891689 -0.0124172 -0.324444
5 0.0854438 -0.029489 -0.995906 0.14411
5 0 0 0 1
5 0.522035 -0.851869 0.0424179 0.392103
5 -0.852181 -0.52301 -0.0157368 -0.421249
5 0.0355906 -0.0279326 -0.998976 0.136014
5 0 0 0 1
5 0 -1 9.37637e-16 0.3
5 -1 -5.55112e-17 -1.10405e-15 -0.5
5 1.09815e-15 -9.56047e-16 -1 0.128
5 0 0 0 1
5 0 -1 9.37637e-16 0.3
5 -1 -5.55112e-17 -1.10405e-15 -0.5
5 1.09815e-15 -9.56047e-16 -1 0.128
5 0 0 0 1
5 1 0.000203673 -0.000203549 0.10077
5 0.000203549 -1 -0.000611061 0.445145
5 -0.000203673 0.00061102 -1 0.369983
5 0 0 0 1
6 1 0.000203673 -0.000203549 0.10077
6 0.000203549 -1 -0.000611061 0.445145
6 -0.000203673 0.00061102 -1 0.369983
6 0 0 0 1
6 0.932728 0.0272143 0.359553 0.155974
6 -0.0475849 -0.979137 0.197552 0.427515
6 0.357428 -0.201371 -0.911973 0.485005
6 0 0 0 1
6 0.837736 0.0433954 0.544348 0.134573
6 -0.14408 -0.943949 0.296987 0.455975
6 0.526725 -0.327227 -0.784528 0.581762
6 0 0 0 1
6 0.633957 0.110975 0.765365 0.191381
6 0.0625744 -0.993767 0.0922614 0.444779
6 0.770833 -0.0105974 -0.636949 0.590075
6 0 0 0 1
6 0.399969 0.103367 0.910681 0.238917
6 0.363648 -0.929961 -0.0541577 0.436931
6 0.8413 0.352829 -0.409544 0.609098
6 0 0 0 1
6 0.180332 0.0263424 0.983253 0.276851
6 0.67559 -0.729855 -0.104352 0.438057
6 0.714883 0.683094 -0.149413 0.632506
6 0 0 0 1
6 0.00378523 -0.0998326 0.994997 0.306239
6 0.907733 -0.417096 -0.0453024 0.450224
6 0.419532 0.903363 0.0890425 0.652827
6 0 0 0 1
6 -0.119855 -0.251731 0.960347 0.328582
6 0.992452 -0.0556549 0.109273 0.471648
6 0.0259406 0.966196 0.256502 0.663305
6 0 0 0 1
6 -0.194816 -0.411445 0.89037 0.344977
6 0.906271 0.271668 0.323835 0.497412
6 -0.375126 0.870005 0.319955 0.659592
6 0 0 0 1
6 -0.230719 -0.568855 0.789413 0.355643
6 0.67432 0.491407 0.551191 0.52099
6 -0.701471 0.659487 0.270213 0.640867
6 0 0 0 1
6 -0.235587 -0.717654 0.655341 0.359981
6 0.357586 0.563007 0.745087 0.536121
6 -0.903676 0.409874 0.123986 0.610136
6 0 0 0 1
6 -0.216076 -0.842357 0.493705 0.357511
6 0.0464197 0.496216 0.866957 0.538772
6 -0.975272 0.210246 -0.0681184 0.575637
6 0 0 0 1
6 -0.420392 -0.870758 0.25505 0.243901
6 -0.37559 0.422885 0.824682 0.569578
6 -0.825956 0.250895 -0.504826 0.464073
6 0 0 0 1
6 -0.195655 -0.971715 -0.132244 0.068148
6 -0.752825 0.0624051 0.655256 0.57902
6 -0.62847 0.227761 -0.743741 0.371991
6 0 0 0 1
6 0.128808 -0.970645 -0.203117 -0.108513
6 -0.903412 -0.199326 0.379627 0.545364
6 -0.408969 0.1346 -0.902567 0.255129
6 0 0 0 1
6 1.66533e-16 -1 -5.32293e-16 -1.73472e-17
6 -1 -1.11022e-16 2.04359e-15 0.45
6 -2.01102e-15 5.09072e-16 -1 0.128
6 0 0 0 1
6 1.66533e-16 -1 -5.32293e-16 -1.73472e-17
6 -1 -1.11022e-16 2.04359e-15 0.45
6 -2.01102e-15 5.09072e-16 -1 0.128
6 0 0 0 1
6 -0.2226 -0.974651 0.022473 -0.00251436
6 -0.927991 0.218896 0.301526 0.466811
6 -0.298802 0.0462651 -0.953193 0.135345
6 0 0 0 1
6 -0.695418 -0.712677 0.0921126 0.13198
6 -0.648561 0.677656 0.346629 0.465196
6 -0.309455 0.181311 -0.933469 0.144743
6 0 0 0 1
6 -0.949852 -0.249946 0.187903 0.266017
6 -0.167111 0.913646 0.370572 0.426958
6 -0.2643 0.320589 -0.909598 0.155118
6 0 0 0 1
6 -0.9621 0.0959318 0.255266 0.31251
6 0.237962 0.752517 0.614078 0.428514
6 -0.133182 0.651548 -0.746825 0.236322
6 0 0 0 1
6 -0.936648 0.191339 0.293395 0.343067
6 0.334634 0.736298 0.588121 0.40888
6 -0.103495 0.649042 -0.75368 0.232312
6 0 0 0 1
6 -0.659132 0.605462 0.44605 0.474285
6 0.751243 0.503041 0.427298 0.282813
6 0.0343317 0.616738 -0.78642 0.211984
6 0 0 0 1
6 -0.194687 0.82679 0.527745 0.560248
6 0.969218 0.0794883 0.233019 0.118759
6 0.150708 0.556866 -0.816815 0.191052
6 0 0 0 1
6 -0.185875 0.969668 0.158729 0.47604
6 0.982263 0.179314 0.0548284 0.173149
6 0.024703 0.166105 -0.985799 0.132587
6 0 0 0 1
6 0.356184 0.923942 0.139513 0.516345
6 0.932297 -0.361442 0.013491 0.0566981
6 0.0628906 0.125262 -0.990128 0.13191
6 0 0 0 1
6 0.792991 0.599003 0.111178 0.52874
6 0.604062 -0.796783 -0.0156527 -0.0669342
6 0.079209 0.0795711 -0.993677 0.131197
6 0 0 0 1
6 0.992681 0.0918626 0.0783948 0.512076
6 0.0945267 -0.995041 -0.0309692 -0.191078
6 0.0751611 0.0381529 -0.996441 0.130448
6 0 0 0 1
6 0.89431 -0.445076 0.0460059 0.466791
6 -0.443981 -0.895452 -0.0323369 -0.308921
6 0.0555884 0.00849344 -0.998418 0.129665
6 0 0 0 1
6 0.526677 -0.849862 0.0185819 0.394919
6 -0.849613 -0.526984 -0.0211174 -0.413885
6 0.0277392 -0.00466537 -0.999604 0.128848
6 0 0 0 1
6 0 -1 9.37637e-16 0.3
6 -1 -5.55112e-17 -1.10405e-15 -0.5
6 1.09815e-15 -9.56047e-16 -1 0.128
6 0 0 0 1
6 0 -1 9.37637e-16 0.3
6 -1 -5.55112e-17 -1.10405e-15 -0.5
6 1.09815e-15 -9.56047e-16 -1 0.128
6 0 0 0 1
6 1 0.000203673 -0.000203549 0.10077
6 0.000203549 -1 -0.000611061 0.445145
6 -0.000203673 0.00061102 -1 0.369983
6 0 0 0 1
7 1 0.000203673 -0.000203549 0.10077
7 0.000203549 -1 -0.000611061 0.445145
7 -0.000203673 0.00061102 -1 0.369983
7 0 0 0 1
7 0.972922 -0.18818 0.134204 0.261824
7 -0.209145 -0.963934 0.164588 0.367535
7 0.0983919 -0.188199 -0.97719 0.424941
7 0 0 0 1
7 0.771872 -0.481569 0.415095 0.339472
7 -0.61311 -0.736592 0.285532 0.331691
7 0.168252 -0.474893 -0.86381 0.549682
7 0 0 0 1
7 0.77388 -0.412324 0.480728 0.343738
7 -0.50325 -0.861178 0.0714955 0.332812
7 0.384513 -0.297255 -0.87395 0.522287
7 0 0 0 1
7 0.744632 -0.273399 0.608913 0.346685
7 -0.173499 -0.960187 -0.21895 0.335968
7 0.644531 0.0573915 -0.762421 0.495698
7 0 0 0 1
7 0.637142 -0.129041 0.759867 0.345309
7 0.268879 -0.886735 -0.376039 0.350625
7 0.722325 0.443903 -0.53028 0.486373
7 0 0 0 1
7 0.430401 -0.0285217 0.902187 0.336683
7 0.691357 -0.632187 -0.349808 0.383757
7 0.580328 0.774291 -0.252375 0.485075
7 0 0 0 1
7 0.144204 -0.0192956 0.98936 0.315658
7 0.956575 -0.253227 -0.144364 0.434921
7 0.253318 0.967215 -0.0180587 0.480149
7 0 0 0 1
7 -0.162424 -0.123793 0.978925 0.277545
7 0.97321 0.143515 0.179624 0.495809
7 -0.162727 0.981875 0.097166 0.461706
7 0 0 0 1
7 -0.412296 -0.325008 0.851106 0.220754
7 0.730203 0.440766 0.522042 0.552716
7 -0.544807 0.836716 0.0555958 0.425175
7 0 0 0 1
7 -0.54068 -0.569828 0.618838 0.14817
7 0.299306 0.55719 0.774567 0.591104
7 -0.786181 0.604015 -0.130709 0.373041
7 0 0 0 1
7 -0.520589 -0.789632 0.324758 0.0666142
7 -0.194754 0.480159 0.855289 0.600642
7 -0.831299 0.382006 -0.403749 0.314213
7 0 0 0 1
7 -0.370969 -0.928275 0.0262315 -0.0154419
7 -0.622642 0.269587 0.734602 0.578885
7 -0.688984 0.256181 -0.677991 0.261188
7 0 0 0 1
7 -0.158812 -0.960933 0.226684 0.0604828
7 -0.916734 0.228767 0.327512 0.491044
7 -0.366575 -0.155796 -0.917252 0.143321
7 0 0 0 1
7 1.66533e-16 -1 -5.32293e-16 -1.73472e-17
7 -1 -1.11022e-16 2.04359e-15 0.45
7 -2.01102e-15 5.09072e-16 -1 0.128
7 0 0 0 1
7 1.66533e-16 -1 -5.32293e-16 -1.73472e-17
7 -1 -1.11022e-16 2.04359e-15 0.45
7 -2.01102e-15 5.09072e-16 -1 0.128
7 0 0 0 1
7 -0.197947 -0.97981 0.0281039 0.149477
7 -0.909579 0.194294 0.367308 0.466669
7 -0.365353 0.047145 -0.929674 0.195964
7 0 0 0 1
7 -0.665439 -0.73769 0.11404 0.252538
7 -0.669096 0.657203 0.346979 0.428453
7 -0.33091 0.15459 -0.930914 0.189871
7 0 0 0 1
7 -0.611614 -0.743917 0.269285 0.371127
7 -0.421758 0.594551 0.684565 0.454367
7 -0.669364 0.305117 -0.677389 0.273997
7 0 0 0 1
7 -0.724709 -0.627338 0.285033 0.389094
7 -0.347921 0.690202 0.634485 0.43096
7 -0.594767 0.360648 -0.71846 0.261235
7 0 0 0 1
7 -0.938175 -0.170336 0.301353 0.435032
7 -0.00950942 0.882908 0.469449 0.353465
7 -0.346032 0.437559 -0.829942 0.22542
7 0 0 0 1
7 -0.902579 0.337229 0.267632 0.466104
7 0.410738 0.860787 0.300565 0.270817
7 -0.129015 0.38121 -0.915442 0.195245
7 0 0 0 1
7 -0.624481 0.75853 0.186159 0.482466
7 0.781025 0.607925 0.142923 0.186411
7 -0.00475936 0.234648 -0.972069 0.170832
7 0 0 0 1
7 -0.135235 0.974069 0.181388 0.51998
7 0.988749 0.120859 0.0881418 0.083965
7 0.0639337 0.191267 -0.979454 0.16474
7 0 0 0 1
7 0.395139 0.904011 0.163181 0.536176
7 0.912718 -0.406463 0.0416496 -0.0243585
7 0.103979 0.132481 -0.985717 0.158637
7 0 0 0 1
7 0.811917 0.567993 0.13481 0.53022
7 0.5725 -0.81988 0.00640566 -0.134137
7 0.114166 0.0719779 -0.990851 0.152526
7 0 0 0 1
7 0.992937 0.0636122 0.100143 0.502192
7 0.0654967 -0.99773 -0.0156406 -0.240855
7 0.0989208 0.0220892 -0.99485 0.146406
7 0 0 0 1
7 0.884661 -0.46191 0.0633636 0.453091
7 -0.461378 -0.886888 -0.0236577 -0.34009
7 0.0671241 -0.00830556 -0.99771 0.140278
7 0 0 0 1
7 0.518125 -0.854824 0.0286737 0.384797
7 -0.85477 -0.518695 -0.0179663 -0.427701
7 0.0302309 -0.0152007 -0.999427 0.134142
7 0 0 0 1
7 0 -1 9.37637e-16 0.3
7 -1 -5.55112e-17 -1.10405e-15 -0.5
7 1.09815e-15 -9.56047e-16 -1 0.128
7 0 0 0 1
7 0 -1 9.37637e-16 0.3
7 -1 -5.55112e-17 -1.10405e-15 -0.5
7 1.09815e-15 -9.56047e-16 -1 0.128
7 0 0 0 1
7 1 0.000203673 -0.000203549 0.10077
7 0.000203549 -1 -0.000611061 0.445145
7 -0.000203673 0.00061102 -1 0.369983
7 0 0 0 1
8 1 0.000203673 -0.000203549 0.10077
8 0.000203549 -1 -0.000611061 0.445145
8 -0.000203673 0.00061102 -1 0.369983
8 0 0 0 1
8 0.979228 0.0472166 0.19719 0.200221
8 0.0392663 -0.998258 0.0440372 0.452906
8 0.198926 -0.0353795 -0.979376 0.44595
8 0 0 0 1
8 0.885872 -0.267258 0.379216 0.256013
8 -0.406278 -0.841549 0.355997 0.421712
8 0.223985 -0.469434 -0.854085 0.607379
8 0 0 0 1
8 0.876791 -0.239138 0.417194 0.261966
8 -0.374948 -0.883192 0.281756 0.42035
8 0.301084 -0.403467 -0.864039 0.595374
8 0 0 0 1
8 0.803172 -0.109426 0.585611 0.286017
8 -0.10469 -0.993614 -0.0420815 0.411155
8 0.586477 -0.0275088 -0.809499 0.55287
8 0 0 0 1
8 0.67096 0.00197049 0.741491 0.304637
8 0.301623 -0.914249 -0.270503 0.406699
8 0.677374 0.405147 -0.61402 0.529734
8 0 0 0 1
8 0.480204 0.0652628 0.874726 0.316944
8 0.704169 -0.623297 -0.340069 0.416675
8 0.52302 0.779257 -0.345266 0.518341
8 0 0 0 1
8 0.248274 0.0522023 0.967282 0.320942
8 0.955089 -0.179935 -0.235434 0.444212
8 0.161758 0.982292 -0.0945311 0.507249
8 0 0 0 1
8 0.0107922 -0.0520716 0.998585 0.31425
8 0.956493 0.291713 0.00487424 0.484903
8 -0.291554 0.955087 0.0529543 0.485539
8 0 0 0 1
8 -0.186796 -0.239275 0.952814 0.295132
8 0.698418 0.649738 0.300088 0.528441
8 -0.690883 0.721518 0.0457453 0.446878
8 0 0 0 1
8 -0.303902 -0.476162 0.825175 0.263382
8 0.259578 0.791986 0.55261 0.562316
8 -0.916658 0.382136 -0.117085 0.391958
8 0 0 0 1
8 -0.319126 -0.712676 0.624701 0.220704
8 -0.228736 0.697601 0.678994 0.57633
8 -0.919695 0.0737931 -0.385638 0.328471
8 0 0 0 1
8 -0.237721 -0.89704 0.37257 0.170437
8 -0.638075 0.433414 0.636406 0.566404
8 -0.732359 -0.0864408 -0.67541 0.268625
8 0 0 0 1
8 -0.0891695 -0.991312 0.0966958 0.116733
8 -0.891572 0.12272 0.435934 0.536375
8 -0.444013 -0.0473394 -0.894769 0.224991
8 0 0 0 1
8 1.66533e-16 -1 -5.32293e-16 -1.73472e-17
8 -1 -1.11022e-16 2.04359e-15 0.45
8 -2.01102e-15 5.09072e-16 -1 0.128
8 0 0 0 1
8 1.66533e-16 -1 -5.32293e-16 -1.73472e-17
8 -1 -1.11022e-16 2.04359e-15 0.45
8 -2.01102e-15 5.09072e-16 -1 0.128
8 0 0 0 1
8 -0.367713 -0.909569 0.193573 0.166198
8 -0.873167 0.409318 0.264648 0.470442
8 -0.319949 -0.0717073 -0.944717 0.230671
8 0 0 0 1
8 -0.761449 -0.574539 0.300165 0.286985
8 -0.502915 0.815766 0.28566 0.432187
8 -0.408988 0.0665582 -0.910109 0.23461
8 0 0 0 1
8 -0.902154 -0.0922302 0.421441 0.398986
8 0.0250502 0.964034 0.264597 0.364955
8 -0.430687 0.249264 -0.867396 0.240112
8 0 0 0 1
8 -0.752941 0.37352 0.541814 0.495071
8 0.54571 0.81453 0.196828 0.270763
8 -0.367804 0.443873 -0.817127 0.247159
8 0 0 0 1
8 -0.418379 0.648783 0.635641 0.562427
8 0.876871 0.470946 0.0964733 0.166046
8 -0.236762 0.597737 -0.765933 0.254794
8 0 0 0 1
8 -0.630361 0.746153 0.214242 0.478788
8 0.768169 0.639377 0.0333785 0.208062
8 -0.112076 0.185615 -0.97621 0.195017
8 0 0 0 1
8 -0.146439 0.971571 0.186023 0.520871
8 0.988476 0.151009 -0.0105607 0.102983
8 -0.0383517 0.182333 -0.982489 0.185422
8 0 0 0 1
8 0.385144 0.910577 0.150041 0.540327
8 0.92264 -0.383453 -0.0412285 -0.00886563
8 0.019992 0.154313 -0.98782 0.175827
8 0 0 0 1
8 0.807417 0.579517 0.11062 0.536169
8 0.587322 -0.807304 -0.0575622 -0.122616
8 0.0559459 0.111446 -0.992194 0.166238
8 0 0 0 1
8 0.994584 0.0748359 0.0721327 0.508455
8 0.0792043 -0.995067 -0.0597311 -0.233288
8 0.0673069 0.0651208 -0.995605 0.156657
8 0 0 0 1
8 0.88972 -0.454866 0.0386703 0.458295
8 -0.452965 -0.890176 -0.049096 -0.336011
8 0.0567554 0.0261654 -0.998045 0.147088
8 0 0 0 1
8 0.522293 -0.852655 0.0137396 0.387802
8 -0.852198 -0.522466 -0.0280859 -0.426248
8 0.0311261 0.00296022 -0.999511 0.137535
8 0 0 0 1
8 0 -1 9.37637e-16 0.3
8 -1 -5.55112e-17 -1.10405e-15 -0.5
8 1.09815e-15 -9.56047e-16 -1 0.128
8 0 0 0 1
8 0 -1 9.37637e-16 0.3
8 -1 -5.55112e-17 -1.10405e-15 -0.5
8 1.09815e-15 -9.56047e-16 -1 0.128
8 0 0 0 1
8 1 0.000203673 -0.000203549 0.10077
8 0.000203549 -1 -0.000611061 0.445145
8 -0.000203673 0.00061102 -1 0.369983
8 0 0 0 1
9 1 0.000203673 -0.000203549 0.10077
9 0.000203549 -1 -0.000611061 0.445145
9 -0.000203673 0.00061102 -1 0.369983
9 0 0 0 1
9 0.881925 -0.415215 0.22317 0.270154
9 -0.45201 -0.879243 0.150396 0.412042
9 0.133774 -0.233513 -0.963108 0.432746
9 0 0 0 1
9 0.742554 -0.456512 0.490112 0.26554
9 -0.571947 -0.812976 0.109298 0.38343
9 0.348554 -0.361478 -0.86478 0.510739
9 0 0 0 1
9 0.691124 -0.279671 0.666432 0.276538
9 -0.25072 -0.95761 -0.141855 0.384516
9 0.677854 -0.0690487 -0.731946 0.489029
9 0 0 0 1
9 0.545248 -0.115541 0.830274 0.281179
9 0.196554 -0.945223 -0.260616 0.397169
9 0.814906 0.305294 -0.492671 0.482537
9 0 0 0 1
9 0.305034 -0.00977585 0.952291 0.276242
9 0.634253 -0.743833 -0.210797 0.426916
9 0.710407 0.668294 -0.220694 0.482022
9 0 0 0 1
9 0.00503916 -0.00249334 0.999984 0.257985
9 0.919596 -0.392826 -0.00561352 0.472372
9 0.392834 0.919609 0.000313351 0.476522
9 0 0 0 1
9 -0.291844 -0.109274 0.950203 0.223915
9 0.955652 0.0076725 0.294399 0.525482
9 -0.0394606 0.993982 0.102189 0.457122
9 0 0 0 1
9 -0.51469 -0.310128 0.799322 0.174234
9 0.727498 0.335367 0.598561 0.574012
9 -0.453696 0.889578 0.0530079 0.420021
9 0 0 0 1
9 -0.610255 -0.553465 0.566802 0.112309
9 0.305701 0.495536 0.813014 0.605513
9 -0.730846 0.669418 -0.133209 0.367942
9 0 0 0 1
9 -0.562142 -0.774359 0.290456 0.0439136
9 -0.183978 0.459484 0.868923 0.611447
9 -0.806318 0.435021 -0.40076 0.309435
9 0 0 0 1
9 -0.394635 -0.918716 0.0149398 -0.0245104
9 -0.610561 0.274348 0.742932 0.590117
9 -0.686643 0.284066 -0.6692 0.256275
9 0 0 0 1
9 -0.373298 -0.927648 -0.010883 -0.0311106
9 -0.645635 0.251352 0.721095 0.586666
9 -0.666187 0.27621 -0.692751 0.251731
9 0 0 0 1
9 -0.180773 -0.959441 0.216318 0.0564819
9 -0.912027 0.245853 0.328272 0.494476
9 -0.36814 -0.137945 -0.91948 0.141441
9 0 0 0 1
9 1.66533e-16 -1 -5.32293e-16 -1.73472e-17
9 -1 -1.11022e-16 2.04359e-15 0.45
9 -2.01102e-15 5.09072e-16 -1 0.128
9 0 0 0 1
9 1.66533e-16 -1 -5.32293e-16 -1.73472e-17
9 -1 -1.11022e-16 2.04359e-15 0.45
9 -2.01102e-15 5.09072e-16 -1 0.128
9 0 0 0 1
9 -0.274619 -0.949833 0.149671 0.0102869
9 -0.922733 0.304101 0.236824 0.486093
9 -0.270458 -0.0730707 -0.959955 0.137792
9 0 0 0 1
9 -0.718131 -0.663107 0.21113 0.11877
9 -0.615848 0.746841 0.250916 0.475723
9 -0.324065 0.0501663 -0.944704 0.153008
9 0 0 0 1
9 -0.691356 -0.590626 0.416159 0.261576
9 -0.342447 0.775045 0.53107 0.504842
9 -0.636206 0.224646 -0.73809 0.255851
9 0 0 0 1
9 -0.844216 -0.28633 0.453117 0.310556
9 -0.0584083 0.88947 0.453245 0.463281
9 -0.532812 0.356171 -0.767629 0.246021
9 0 0 0 1
9 -0.858997 0.167134 0.483932 0.366936
9 0.362794 0.865651 0.345005 0.400994
9 -0.361255 0.471926 -0.804227 0.233591
9 0 0 0 1
9 -0.653817 0.57387 0.493149 0.412264
9 0.735349 0.63548 0.235428 0.332513
9 -0.178281 0.516564 -0.837483 0.221954
9 0 0 0 1
9 -0.275847 0.83221 0.480972 0.445914
9 0.961146 0.244222 0.128665 0.259737
9 -0.0103874 0.497776 -0.867243 0.211128
9 0 0 0 1
9 -0.192406 0.968742 0.156588 0.483433
