0 1 0.000203673 -0.000203549 0.10077
0 0.000203549 -1 -0.000611061 0.445145
0 -0.000203673 0.00061102 -1 0.369983
0 0 0 0 1
0 0.95401 -0.293603 0.060516 0.18501
0 -0.296917 -0.897651 0.325672 0.458821
0 -0.0412961 -0.328663 -0.943544 0.528192
0 0 0 0 1
0 0.954091 -0.293197 0.0612012 0.185084
0 -0.296795 -0.897993 0.32484 0.458796
0 -0.0402836 -0.328091 -0.943787 0.528057
0 0 0 0 1
0 0.941928 -0.143236 0.303736 0.209829
0 -0.160856 -0.986403 0.0336692 0.446363
0 0.294783 -0.0805717 -0.952161 0.49154
0 0 0 0 1
0 0.838887 0.00114107 0.544304 0.231602
0 0.133643 -0.969819 -0.203938 0.435178
0 0.527644 0.243823 -0.813721 0.476287
0 0 0 0 1
0 0.642201 0.101942 0.759727 0.247553
0 0.501803 -0.805139 -0.316141 0.436203
0 0.579458 0.58426 -0.568216 0.477836
0 0 0 0 1
0 0.371557 0.123806 0.920118 0.253803
0 0.824971 -0.498642 -0.266041 0.455494
0 0.425873 0.857921 -0.28741 0.486716
0 0 0 0 1
0 0.0694576 0.0461587 0.996516 0.246551
0 0.99168 -0.11172 -0.0639456 0.492273
0 0.10838 0.992667 -0.0535345 0.49166
0 0 0 0 1
0 -0.207839 -0.126826 0.969906 0.223388
0 0.93744 0.257302 0.234527 0.539156
0 -0.279303 0.957972 0.0654139 0.483314
0 0 0 0 1
0 -0.406197 -0.363874 0.838212 0.184325
0 0.667124 0.508771 0.544149 0.584469
0 -0.62446 0.780223 0.036088 0.457307
0 0 0 0 1
0 -0.49014 -0.614188 0.618495 0.132102
0 0.250954 0.580094 0.774928 0.615958
0 -0.834737 0.535037 -0.130194 0.415738
0 0 0 0 1
0 -0.45323 -0.822643 0.343281 0.0716069
0 -0.203736 0.470513 0.858551 0.62473
0 -0.867799 0.319182 -0.380852 0.366637
0 0 0 0 1
0 -0.318171 -0.946601 0.0520861 0.00859619
0 -0.592651 0.241483 0.768408 0.608207
0 -0.739954 0.213616 -0.637837 0.321533
0 0 0 0 1
0 -0.295658 -0.94535 0.137478 0.0606817
0 -0.877903 0.32562 0.35108 0.515361
0 -0.376659 -0.0168933 -0.926198 0.254606
0 0 0 0 1
0 1.66533e-16 -1 -5.32293e-16 -1.73472e-17
0 -1 -1.11022e-16 2.04359e-15 0.45
0 -2.01102e-15 5.09072e-16 -1 0.128
0 0 0 0 1
0 1.66533e-16 -1 -5.32293e-16 -1.73472e-17
0 -1 -1.11022e-16 2.04359e-15 0.45
0 -2.01102e-15 5.09072e-16 -1 0.128
0 0 0 0 1
0 -0.526182 -0.850036 0.0239055 0.11503
0 -0.849279 0.526723 0.0358896 0.448022
0 -0.043099 -0.00141799 -0.99907 0.129981
0 0 0 0 1
0 -0.89322 -0.445207 0.0628316 0.229365
0 -0.441989 0.895082 0.0589379 0.418691
0 -0.082479 0.0248736 -0.996282 0.132296
0 0 0 0 1
0 -0.968808 -0.205606 0.138335 0.313756
0 -0.138283 0.911771 0.386718 0.468659
0 -0.205642 0.355526 -0.911764 0.251725
0 0 0 0 1
0 -0.882149 0.0110202 0.470841 0.457283
0 0.244837 0.86475 0.438477 0.400493
0 -0.402328 0.502081 -0.765537 0.252174
0 0 0 0 1
0 -0.817844 0.13516 0.559342 0.485328
0 0.424946 0.797279 0.42868 0.374566
0 -0.388011 0.588284 -0.709486 0.265349
0 0 0 0 1
0 -0.538993 0.351063 0.765664 0.548513
0 0.805171 0.481684 0.345948 0.296454
0 -0.247359 0.802954 -0.54229 0.303339
0 0 0 0 1
0 -0.658919 0.625904 0.417217 0.470631
0 0.712241 0.697541 0.0784146 0.263709
0 -0.241946 0.348828 -0.905418 0.162009
0 0 0 0 1
0 -0.208131 0.878891 0.429222 0.535552
0 0.971269 0.237491 -0.0153255 0.152146
0 -0.115406 0.4137 -0.903069 0.163233
0 0 0 0 1
0 0.308119 0.853531 0.420176 0.574239
0 0.950966 -0.288847 -0.110597 0.0266428
0 0.0269681 0.43365 -0.900678 0.164367
0 0 0 0 1
0 0.732924 0.557442 0.389976 0.583696
0 0.658845 -0.724465 -0.202669 -0.106573
0 0.169548 0.405475 -0.898245 0.16541
0 0 0 0 1
0 0.937181 0.0798202 0.339589 0.562419
0 0.184008 -0.940141 -0.286838 -0.240631
0 0.296366 0.331307 -0.89577 0.166362
0 0 0 0 1
0 0.858376 -0.435586 0.271026 0.510532
0 -0.329878 -0.873233 -0.358671 -0.368379
0 0.3929 0.218469 -0.893253 0.167225
0 0 0 0 1
0 0.519239 -0.833857 0.187276 0.429838
0 -0.727962 -0.546333 -0.414236 -0.482778
0 0.447729 0.0787574 -0.890694 0.167997
0 0 0 0 1
0 0.0207016 -0.995527 0.0921814 0.323767
0 -0.890832 -0.0602226 -0.450324 -0.577291
0 0.453861 -0.0727957 -0.888094 0.168681
0 0 0 0 1
0 0 -1 9.37637e-16 0.3
0 -1 -5.55112e-17 -1.10405e-15 -0.5
0 1.09815e-15 -9.56047e-16 -1 0.128
0 0 0 0 1
0 0 -1 9.37637e-16 0.3
0 -1 -5.55112e-17 -1.10405e-15 -0.5
0 1.09815e-15 -9.56047e-16 -1 0.128
0 0 0 0 1
0 1 0.000203673 -0.000203549 0.10077
0 0.000203549 -1 -0.000611061 0.445145
0 -0.000203673 0.00061102 -1 0.369983
0 0 0 0 1
1 1 0.000203673 -0.000203549 0.10077
1 0.000203549 -1 -0.000611061 0.445145
1 -0.000203673 0.00061102 -1 0.369983
1 0 0 0 1
1 0.991876 0.112003 0.0603049 0.147339
1 0.0774394 -0.907765 0.41227 0.484039
1 0.100918 -0.404251 -0.909064 0.53472
1 0 0 0 1
1 0.891774 -0.263898 0.367556 0.343853
1 -0.375826 -0.884357 0.276889 0.406208
1 0.25198 -0.38506 -0.887826 0.515044
1 0 0 0 1
1 0.84201 -0.177006 0.509595 0.353428
1 -0.176476 -0.983041 -0.0498633 0.390023
1 0.509779 -0.0479457 -0.858968 0.488304
1 0 0 0 1
1 0.745224 -0.0836506 0.661547 0.359803
1 0.158714 -0.941336 -0.297818 0.379271
1 0.647651 0.326938 -0.68823 0.481955
1 0 0 0 1
1 0.582875 -0.0135382 0.812449 0.362222
1 0.538411 -0.742426 -0.398644 0.383968
1 0.60858 0.669791 -0.425452 0.490113
1 0 0 0 1
1 0.354641 0.000480345 0.935002 0.357561
1 0.849865 -0.417084 -0.322134 0.408816
1 0.38982 0.908868 -0.148323 0.502557
1 0 0 0 1
1 0.0849691 -0.0648021 0.994274 0.341542
1 0.99538 -0.039263 -0.0876226 0.451436
1 0.0447164 0.997125 0.0611666 0.50822
1 0 0 0 1
1 -0.18134 -0.211222 0.960469 0.310576
1 0.924551 0.296223 0.239703 0.502883
1 -0.335144 0.93147 0.141569 0.49891
1 0 0 0 1
1 -0.392954 -0.414682 0.820747 0.263473
1 0.64991 0.506189 0.566912 0.550336
1 -0.650541 0.756182 0.0705974 0.472083
1 0 0 0 1
1 -0.509295 -0.630738 0.585482 0.202326
1 0.240236 0.549081 0.800498 0.581137
1 -0.826381 0.548343 -0.128118 0.431823
1 0 0 0 1
1 -0.513897 -0.808588 0.286525 0.132197
1 -0.205265 0.440202 0.874121 0.58691
1 -0.832933 0.390394 -0.392193 0.387701
1 0 0 0 1
1 -0.445116 -0.894841 0.0336302 0.0746405
1 -0.51963 0.288698 0.804138 0.572617
1 -0.729284 0.340459 -0.593491 0.35805
1 0 0 0 1
1 -0.375817 -0.907864 0.18586 0.107978
1 -0.860689 0.416295 0.293109 0.494973
1 -0.343476 -0.0498124 -0.937839 0.156979
1 0 0 0 1
1 1.66533e-16 -1 -5.32293e-16 -1.73472e-17
1 -1 -1.11022e-16 2.04359e-15 0.45
1 -2.01102e-15 5.09072e-16 -1 0.128
1 0 0 0 1
1 1.66533e-16 -1 -5.32293e-16 -1.73472e-17
1 -1 -1.11022e-16 2.04359e-15 0.45
1 -2.01102e-15 5.09072e-16 -1 0.128
1 0 0 0 1
1 -0.482623 -0.871298 0.0889591 0.154581
1 -0.848315 0.490303 0.199912 0.465723
1 -0.2178 0.021017 -0.975767 0.199198
1 0 0 0 1
1 -0.83842 -0.508331 0.196599 0.251474
1 -0.474721 0.858315 0.194773 0.43678
1 -0.267753 0.0699723 -0.960943 0.18567
1 0 0 0 1
1 -0.791541 -0.422291 0.441739 0.314661
1 -0.197153 0.860648 0.469485 0.40888
1 -0.578441 0.284526 -0.764494 0.257117
1 0 0 0 1
1 -0.822829 -0.292532 0.487214 0.345898
1 -0.0879955 0.91258 0.399318 0.397515
1 -0.561434 0.285698 -0.776639 0.248064
1 0 0 0 1
1 -0.795126 0.15102 0.58734 0.444234
1 0.286058 0.947382 0.143661 0.343845
1 -0.534739 0.282242 -0.796488 0.216936
1 0 0 0 1
1 -0.583632 0.538748 0.607556 0.53055
1 0.598705 0.790957 -0.126249 0.267524
1 -0.548567 0.290064 -0.78418 0.184396
1 0 0 0 1
1 -0.612558 0.658927 0.436564 0.462636
1 0.744265 0.666811 0.0378539 0.282098
1 -0.266163 0.348107 -0.898876 0.155095
1 0 0 0 1
1 -0.65602 0.742506 0.135365 0.460611
1 0.753349 0.65509 0.0576485 0.227593
1 -0.0458718 0.139795 -0.989117 0.176244
1 0 0 0 1
1 -0.167822 0.977979 0.124067 0.508929
1 0.985815 0.166206 0.0233447 0.122579
1 0.00221001 0.126225 -0.991999 0.169495
1 0 0 0 1
1 0.371652 0.922387 0.105248 0.533842
1 0.927661 -0.373409 -0.00323082 0.00919425
1 0.0363204 0.0988352 -0.994441 0.162696
1 0 0 0 1
1 0.80201 0.591692 0.0817327 0.533991
1 0.594914 -0.803524 -0.0206448 -0.107369
1 0.0534589 0.0651812 -0.99644 0.155847
1 0 0 0 1
1 0.994874 0.083824 0.0565668 0.509167
1 0.0855236 -0.995934 -0.0283218 -0.221721
1 0.0539627 0.0330144 -0.997997 0.148952
1 0 0 0 1
1 0.892298 -0.450256 0.0327795 0.460325
1 -0.449561 -0.892854 -0.0265628 -0.328532
1 0.0412274 0.00896553 -0.99911 0.142012
1 0 0 0 1
1 0.524273 -0.851449 0.0131511 0.389558
1 -0.851292 -0.524432 -0.0165011 -0.422782
1 0.0209467 -0.00254435 -0.999777 0.135027
1 0 0 0 1
1 0 -1 9.37637e-16 0.3
1 -1 -5.55112e-17 -1.10405e-15 -0.5
1 1.09815e-15 -9.56047e-16 -1 0.128
1 0 0 0 1
1 0 -1 9.37637e-16 0.3
1 -1 -5.55112e-17 -1.10405e-15 -0.5
1 1.09815e-15 -9.56047e-16 -1 0.128
1 0 0 0 1
1 1 0.000203673 -0.000203549 0.10077
1 0.000203549 -1 -0.000611061 0.445145
1 -0.000203673 0.00061102 -1 0.369983
1 0 0 0 1
2 1 0.000203673 -0.000203549 0.10077
2 0.000203549 -1 -0.000611061 0.445145
2 -0.000203673 0.00061102 -1 0.369983
2 0 0 0 1
2 0.949818 0.3128 -0.00149391 0.112077
2 0.311768 -0.946274 0.0858223 0.452497
2 0.0254316 -0.0819813 -0.996309 0.447848
2 0 0 0 1
2 0.980185 -0.0740774 0.183711 0.295738
2 -0.102892 -0.982911 0.152639 0.434281
2 0.169264 -0.168517 -0.971057 0.482751
2 0 0 0 1
2 0.928987 -0.173211 0.327081 0.402585
2 -0.262691 -0.931115 0.253017 0.297788
2 0.260724 -0.32097 -0.910495 0.534569
2 0 0 0 1
2 0.709334 -0.3612 0.605293 0.392632
2 -0.668326 -0.617558 0.414682 0.171989
2 0.224021 -0.698682 -0.679455 0.722437
2 0 0 0 1
2 0.701497 -0.406318 0.585498 0.413574
2 -0.591236 -0.790513 0.15978 0.183835
2 0.397922 -0.458253 -0.794772 0.666288
2 0 0 0 1
2 0.728034 -0.383654 0.568134 0.430316
2 -0.320525 -0.923073 -0.212603 0.195633
2 0.605995 -0.0273184 -0.794999 0.603666
2 0 0 0 1
2 0.742957 -0.273413 0.61095 0.439634
2 0.0926583 -0.861966 -0.498427 0.212726
2 0.662895 0.426919 -0.61507 0.563023
2 0 0 0 1
2 0.676753 -0.12886 0.724846 0.445273
2 0.533209 -0.59309 -0.603268 0.24662
2 0.507636 0.794757 -0.332666 0.536535
2 0 0 0 1
2 0.490916 -0.0246123 0.870859 0.444319
2 0.855627 -0.174574 -0.487264 0.30193
2 0.164022 0.984336 -0.0646423 0.510218
2 0 0 0 1
2 0.202555 -0.0234103 0.978991 0.429563
2 0.942194 0.277143 -0.188314 0.372948
2 -0.266912 0.960544 0.0781937 0.470457
2 0 0 0 1
2 -0.120582 -0.14609 0.981895 0.394108
2 0.753132 0.630922 0.18636 0.444819
2 -0.646724 0.761968 0.0339478 0.410248
2 0 0 0 1
2 -0.390794 -0.361527 0.846509 0.335733
2 0.344284 0.795482 0.498675 0.49911
2 -0.853668 0.486319 -0.186402 0.332633
2 0 0 0 1
2 -0.539516 -0.602189 0.588465 0.258756
2 -0.156226 0.75837 0.632825 0.521455
2 -0.827355 0.249486 -0.503231 0.249936
2 0 0 0 1
2 -0.544442 -0.796436 0.263196 0.172515
2 -0.600512 0.589166 0.540618 0.507901
2 -0.585634 0.136283 -0.799037 0.179069
2 0 0 0 1
2 -0.432757 -0.899472 -0.0605891 0.0873661
2 -0.876989 0.404465 0.25942 0.467069
2 -0.208835 0.165402 -0.963862 0.134718
2 0 0 0 1
2 1.66533e-16 -1 -5.32293e-16 -1.73472e-17
2 -1 -1.11022e-16 2.04359e-15 0.45
2 -2.01102e-15 5.09072e-16 -1 0.128
2 0 0 0 1
2 1.66533e-16 -1 -5.32293e-16 -1.73472e-17
2 -1 -1.11022e-16 2.04359e-15 0.45
2 -2.01102e-15 5.09072e-16 -1 0.128
2 0 0 0 1
2 -0.153215 -0.95445 0.256029 0.0453213
2 -0.934887 0.223946 0.275382 0.471167
2 -0.320175 -0.197166 -0.926614 0.15909
2 0 0 0 1
2 -0.622077 -0.723884 0.298348 0.154674
2 -0.675596 0.688867 0.262739 0.467886
2 -0.395715 -0.038119 -0.917582 0.162951
2 0 0 0 1
2 -0.892736 -0.286167 0.348038 0.265211
2 -0.2093 0.947403 0.242117 0.440317
2 -0.399018 0.143302 -0.905676 0.167322
2 0 0 0 1
2 -0.824994 -0.171891 0.538367 0.356363
2 0.23912 0.756978 0.608117 0.498043
2 -0.512062 0.630427 -0.583399 0.313847
2 0 0 0 1
2 -0.75007 -0.0974755 0.654136 0.404992
2 0.392195 0.73084 0.558619 0.463969
2 -0.53252 0.675552 -0.509952 0.354959
2 0 0 0 1
2 -0.348296 0.0825437 0.933743 0.523173
2 0.793201 0.556771 0.246653 0.303352
2 -0.499522 0.826555 -0.259395 0.492018
2 0 0 0 1
2 -0.575307 0.320698 0.752446 0.503776
2 0.757589 0.555727 0.342384 0.317536
2 -0.308352 0.767021 -0.562671 0.398919
2 0 0 0 1
2 -0.693113 0.518617 0.500631 0.427963
2 0.720796 0.505365 0.474405 0.390324
2 -0.00696718 0.689669 -0.724091 0.30755
2 0 0 0 1
2 -0.638732 0.730629 0.241252 0.437242
2 0.748498 0.66266 -0.0251594 0.246202
2 -0.17825 0.164506 -0.970136 0.147316
2 0 0 0 1
2 -0.160583 0.967139 0.197118 0.492629
2 0.981856 0.176931 -0.0682206 0.142706
2 -0.100855 0.182587 -0.978003 0.144458
2 0 0 0 1
2 0.372559 0.916224 0.147423 0.524083
2 0.927463 -0.362165 -0.0930014 0.0287189
2 -0.0318185 0.171378 -0.984691 0.141626
2 0 0 0 1
2 0.800979 0.590601 0.0980998 0.52968
2 0.598385 -0.795 -0.099548 -0.0902442
2 0.0191962 0.138437 -0.990185 0.138826
2 0 0 0 1
2 0.994818 0.0857059 0.0546895 0.508764
2 0.0903793 -0.991865 -0.0896404 -0.208335
2 0.0465619 0.0941187 -0.994472 0.136061
2 0 0 0 1
2 0.893696 -0.44814 0.0218643 0.461997
2 -0.44595 -0.892577 -0.0665952 -0.319661
2 0.0493595 0.0497654 -0.99754 0.133333
2 0 0 0 1
2 0.525753 -0.850632 0.00302376 0.391344
2 -0.850061 -0.525524 -0.0349422 -0.418582
2 0.031312 0.0158006 -0.999385 0.130645
2 0 0 0 1
2 0 -1 9.37637e-16 0.3
2 -1 -5.55112e-17 -1.10405e-15 -0.5
2 1.09815e-15 -9.56047e-16 -1 0.128
2 0 0 0 1
2 0 -1 9.37637e-16 0.3
2 -1 -5.55112e-17 -1.10405e-15 -0.5
2 1.09815e-15 -9.56047e-16 -1 0.128
2 0 0 0 1
2 1 0.000203673 -0.000203549 0.10077
2 0.000203549 -1 -0.000611061 0.445145
2 -0.000203673 0.00061102 -1 0.369983
2 0 0 0 1
3 1 0.000203673 -0.000203549 0.10077
3 0.000203549 -1 -0.000611061 0.445145
3 -0.000203673 0.00061102 -1 0.369983
3 0 0 0 1
3 0.925823 -0.293032 0.238713 0.273443
3 -0.334944 -0.928729 0.158982 0.436304
3 0.175113 -0.227145 -0.957988 0.446408
3 0 0 0 1
3 0.90955 0.0491199 0.412683 0.215133
3 0.0192612 -0.996906 0.076206 0.417414
3 0.415149 -0.0613643 -0.907682 0.479973
3 0 0 0 1
3 0.724816 0.347907 0.594644 0.167629
3 0.385326 -0.920219 0.0687142 0.391948
3 0.571109 0.179327 -0.801047 0.518224
3 0 0 0 1
3 0.719284 0.353109 0.598285 0.166747
3 0.392485 -0.917134 0.0694307 0.391383
3 0.573224 0.184877 -0.79827 0.519063
3 0 0 0 1
3 0.657021 0.357024 0.663971 0.229852
3 0.705136 -0.602576 -0.373744 0.365764
3 0.266658 0.713748 -0.647656 0.395215
3 0 0 0 1
3 0.439901 0.28542 0.851482 0.258721
3 0.894094 -0.228048 -0.385473 0.374304
3 0.0841568 0.930876 -0.355511 0.400537
3 0 0 0 1
3 0.204256 0.149163 0.967486 0.276214
3 0.954686 0.188184 -0.230567 0.402314
3 -0.216458 0.97074 -0.103966 0.403173
3 0 0 0 1
3 -0.0216072 -0.0429224 0.998845 0.280412
3 0.836315 0.546669 0.0415829 0.443707
3 -0.547823 0.836248 0.0240847 0.391678
3 0 0 0 1
3 -0.21107 -0.271388 0.939041 0.270423
3 0.54653 0.763721 0.343564 0.486834
3 -0.810404 0.58573 -0.0128773 0.360486
3 0 0 0 1
3 -0.343336 -0.507888 0.790044 0.246661
3 0.146195 0.802024 0.579123 0.518831
3 -0.927765 0.314334 -0.201113 0.31199
3 0 0 0 1
3 -0.407118 -0.718984 0.563309 0.21099
3 -0.274726 0.684566 0.6752 0.530387
3 -0.87108 0.12013 -0.476223 0.255811
3 0 0 0 1
3 -0.402883 -0.871551 0.279436 0.166664
3 -0.629975 0.485544 0.606117 0.519318
3 -0.663941 0.0681568 -0.744673 0.205515
3 0 0 0 1
3 -0.342892 -0.93877 -0.0337081 0.118033
3 -0.864671 0.301397 0.401875 0.49169
3 -0.367109 0.166946 -0.915074 0.173862
3 0 0 0 1
3 1.66533e-16 -1 -5.32293e-16 -1.73472e-17
3 -1 -1.11022e-16 2.04359e-15 0.45
3 -2.01102e-15 5.09072e-16 -1 0.128
3 0 0 0 1
3 1.66533e-16 -1 -5.32293e-16 -1.73472e-17
3 -1 -1.11022e-16 2.04359e-15 0.45
3 -2.01102e-15 5.09072e-16 -1 0.128
3 0 0 0 1
3 -0.44221 -0.896336 0.0321269 0.0566969
3 -0.878633 0.440115 0.18521 0.451358
3 -0.18015 0.0536737 -0.982174 0.205123
3 0 0 0 1
3 -0.845817 -0.526428 0.0864111 0.176201
3 -0.505336 0.842536 0.186461 0.429056
3 -0.170963 0.114045 -0.978655 0.19956
3 0 0 0 1
3 -0.989786 1.36219e-05 0.14256 0.288603
3 0.024716 0.984873 0.171508 0.377627
3 -0.140401 0.17328 -0.974814 0.193957
3 0 0 0 1
3 -0.971807 0.0234939 0.234602 0.360729
3 0.144068 0.846833 0.511975 0.470866
3 -0.186641 0.53134 -0.826343 0.258666
3 0 0 0 1
3 -0.929137 0.275505 0.246579 0.398366
3 0.357889 0.837618 0.412688 0.415628
3 -0.0928417 0.471692 -0.876862 0.238476
3 0 0 0 1
3 -0.654643 0.725795 0.211338 0.451344
3 0.755619 0.620152 0.210833 0.293382
3 0.0219597 0.297712 -0.954403 0.202702
3 0 0 0 1
3 -0.197683 0.97498 0.101661 0.471077
3 0.980128 0.194846 0.037213 0.167631
3 0.0164737 0.106997 -0.994123 0.174855
3 0 0 0 1
3 0.348802 0.932897 0.0896665 0.511455
3 0.936289 -0.351074 0.0104446 0.0532373
3 0.0412234 0.0803107 -0.995917 0.167519
3 0 0 0 1
3 0.790563 0.608163 0.071745 0.524465
3 0.610201 -0.7922 -0.008579 -0.0687147
3 0.051619 0.0505611 -0.997386 0.159988
3 0 0 0 1
3 0.993818 0.098688 0.0508523 0.508779
3 0.0997506 -0.994835 -0.0187942 -0.19166
3 0.0487349 0.0237506 -0.998529 0.152266
3 0 0 0 1
3 0.896749 -0.441517 0.0300604 0.464648
3 -0.441085 -0.897241 -0.0200857 -0.308827
3 0.0358396 0.00475261 -0.999346 0.144358
3 0 0 0 1
3 0.528395 -0.84891 0.01228 0.393926
3 -0.848813 -0.528526 -0.0132696 -0.41362
3 0.017755 -0.00341183 -0.999837 0.136268
3 0 0 0 1
3 0 -1 9.37637e-16 0.3
3 -1 -5.55112e-17 -1.10405e-15 -0.5
3 1.09815e-15 -9.56047e-16 -1 0.128
3 0 0 0 1
3 0 -1 9.37637e-16 0.3
3 -1 -5.55112e-17 -1.10405e-15 -0.5
3 1.09815e-15 -9.56047e-16 -1 0.128
3 0 0 0 1
3 1 0.000203673 -0.000203549 0.10077
3 0.000203549 -1 -0.000611061 0.445145
3 -0.000203673 0.00061102 -1 0.369983
3 0 0 0 1
4 1 0.000203673 -0.000203549 0.10077
4 0.000203549 -1 -0.000611061 0.445145
4 -0.000203673 0.00061102 -1 0.369983
4 0 0 0 1
4 0.938363 -0.221046 0.265733 0.204548
4 -0.204002 -0.97478 -0.0904785 0.422955
4 0.279031 0.0306917 -0.959791 0.418276
4 0 0 0 1
4 0.963056 -0.260538 0.068148 0.205782
4 -0.250119 -0.959139 -0.13226 0.430172
4 0.0998221 0.110329 -0.98887 0.467753
4 0 0 0 1
4 0.860647 -0.505879 0.0580731 0.359051
4 -0.499869 -0.861096 -0.0929811 0.332235
4 0.0970437 0.050995 -0.993973 0.518137
4 0 0 0 1
4 0.899424 -0.42219 0.113103 0.363403
4 -0.381522 -0.884616 -0.268132 0.323686
4 0.213256 0.198013 -0.95672 0.495495
4 0 0 0 1
4 0.938422 -0.203583 0.27914 0.373618
4 -0.0025837 -0.81206 -0.583569 0.309073
4 0.345483 0.546912 -0.76258 0.462116
4 0 0 0 1
4 0.868189 0.0159419 0.495978 0.384789
4 0.424655 -0.540982 -0.725952 0.310824
4 0.256742 0.840883 -0.476445 0.445316
4 0 0 0 1
4 0.667133 0.168461 0.725641 0.393176
4 0.744264 -0.109277 -0.658886 0.334981
4 -0.0317006 0.979632 -0.198282 0.431984
4 0 0 0 1
4 0.364364 0.193134 0.911009 0.392045
4 0.832114 0.371704 -0.41161 0.37828
4 -0.418121 0.90804 -0.0252737 0.408933
4 0 0 0 1
4 0.0326314 0.0657701 0.997301 0.374763
4 0.647767 0.758503 -0.0712165 0.429184
4 -0.761139 0.648343 -0.0178527 0.367991
4 0 0 0 1
4 -0.240437 -0.186171 0.952644 0.337795
4 0.250116 0.93641 0.246126 0.472081
4 -0.937887 0.297449 -0.178584 0.309188
4 0 0 0 1
4 -0.387928 -0.492187 0.779272 0.282335
4 -0.230822 0.870418 0.434849 0.493128
4 -0.892319 -0.0111829 -0.451267 0.240871
4 0 0 0 1
4 -0.388176 -0.766814 0.511191 0.213922
4 -0.651616 0.620619 0.436152 0.485532
4 -0.651702 -0.163796 -0.740578 0.17674
4 0 0 0 1
4 -0.169201 -0.960951 0.21896 0.0559753
4 -0.918716 0.234215 0.317967 0.48896
4 -0.356835 -0.147362 -0.922471 0.13801
4 0 0 0 1
4 1.66533e-16 -1 -5.32293e-16 -1.73472e-17
4 -1 -1.11022e-16 2.04359e-15 0.45
4 -2.01102e-15 5.09072e-16 -1 0.128
4 0 0 0 1
4 1.66533e-16 -1 -5.32293e-16 -1.73472e-17
4 -1 -1.11022e-16 2.04359e-15 0.45
4 -2.01102e-15 5.09072e-16 -1 0.128
4 0 0 0 1
4 -0.138916 -0.989779 0.0322372 0.112231
4 -0.845709 0.135507 0.516153 0.497406
4 -0.515246 0.0444386 -0.855889 0.296541
4 0 0 0 1
4 -0.243958 -0.968309 0.0535053 0.135256
4 -0.829513 0.236935 0.505737 0.492257
4 -0.502387 0.0789953 -0.861027 0.293291
4 0 0 0 1
4 -0.691736 -0.707674 0.143875 0.242767
4 -0.59422 0.670998 0.44347 0.453315
4 -0.410372 0.22127 -0.884666 0.277616
4 0 0 0 1
4 -0.9454 -0.248529 0.210837 0.340147
4 -0.159256 0.916699 0.366471 0.392437
4 -0.284352 0.312884 -0.906227 0.262038
4 0 0 0 1
4 -0.926283 0.279766 0.252451 0.422888
4 0.346984 0.894525 0.281828 0.312211
4 -0.146978 0.348648 -0.925657 0.246569
4 0 0 0 1
4 -0.63536 0.723947 0.268735 0.48714
4 0.771956 0.604471 0.196718 0.216155
4 -0.0200292 0.332439 -0.942912 0.231222
4 0 0 0 1
4 -0.154776 0.952686 0.261597 0.529899
4 0.984791 0.127619 0.117895 0.108547
4 0.0789323 0.275866 -0.95795 0.216006
4 0 0 0 1
4 0.375356 0.896692 0.23463 0.549156
4 0.916388 -0.397001 0.051213 -0.00577798
4 0.139071 0.195789 -0.970735 0.200933
4 0 0 0 1
4 0.798237 0.570653 0.192802 0.543994
4 0.581368 -0.81364 0.00122406 -0.12166
4 0.15757 0.111112 -0.981237 0.18601
4 0 0 0 1
4 0.987383 0.0699847 0.142048 0.514632
4 0.0748402 -0.99677 -0.0291261 -0.23386
4 0.139551 0.0393896 -0.989431 0.171248
4 0 0 0 1
4 0.88503 -0.456987 0.0887984 0.462419
4 -0.455389 -0.889452 -0.0386861 -0.337312
4 0.0966609 -0.00619951 -0.995298 0.156655
4 0 0 0 1
4 0.520096 -0.853195 0.0394757 0.389759
4 -0.852943 -0.521245 -0.028154 -0.427364
4 0.0445974 -0.0190277 -0.998824 0.142236
4 0 0 0 1
4 0 -1 9.37637e-16 0.3
4 -1 -5.55112e-17 -1.10405e-15 -0.5
4 1.09815e-15 -9.56047e-16 -1 0.128
4 0 0 0 1
4 0 -1 9.37637e-16 0.3
4 -1 -5.55112e-17 -1.10405e-15 -0.5
4 1.09815e-15 -9.56047e-16 -1 0.128
4 0 0 0 1
4 1 0.000203673 -0.000203549 0.10077
4 0.000203549 -1 -0.000611061 0.445145
4 -0.000203673 0.00061102 -1 0.369983
4 0 0 0 1
5 1 0.000203673 -0.000203549 0.10077
5 0.000203549 -1 -0.000611061 0.445145
5 -0.000203673 0.00061102 -1 0.369983
5 0 0 0 1
5 0.949348 -0.21943 0.224921 0.273362
5 -0.209379 -0.975473 -0.0679117 0.366662
5 0.234306 0.0173781 -0.972007 0.381832
5 0 0 0 1
5 0.899099 0.169476 0.403608 0.25285
5 0.197188 -0.979972 -0.0277736 0.399975
5 0.390818 0.104558 -0.91451 0.440024
5 0 0 0 1
5 0.678151 0.474911 0.560866 0.225631
5 0.548706 -0.834883 0.0434855 0.427316
5 0.48891 0.278261 -0.826764 0.502125
5 0 0 0 1
5 0.567474 0.551767 0.611168 0.214243
5 0.652268 -0.754239 0.0752968 0.435436
5 0.502514 0.355917 -0.787911 0.525527
5 0 0 0 1
5 0.770634 0.371421 0.517852 0.286539
5 0.589843 -0.723351 -0.358955 0.414838
5 0.241265 0.582074 -0.776519 0.427386
5 0 0 0 1
5 0.57002 0.441863 0.692701 0.173845
5 0.811677 -0.433673 -0.391291 0.422915
5 0.127509 0.785293 -0.605852 0.353192
5 0 0 0 1
5 0.376345 0.346012 0.859442 0.210759
5 0.92066 -0.0358575 -0.388716 0.420409
5 -0.103683 0.937545 -0.332054 0.36744
5 0 0 0 1
5 0.186165 0.201728 0.961587 0.237743
5 0.889187 0.381741 -0.252232 0.433441
5 -0.417959 0.901987 -0.108307 0.379183
5 0 0 0 1
5 0.0160867 0.0203892 0.999663 0.254559
5 0.690236 0.723122 -0.0258562 0.457056
5 -0.723405 0.690419 -0.00244069 0.379045
5 0 0 0 1
5 -0.122802 -0.186141 0.974819 0.261229
5 0.350478 0.910829 0.218073 0.482171
5 -0.928485 0.368432 -0.0466132 0.362579
5 0 0 0 1
5 -0.222436 -0.404682 0.886992 0.257764
5 -0.0601354 0.913747 0.401808 0.498931
5 -0.973091 0.0360371 -0.227586 0.331724
5 0 0 0 1
5 -0.276585 -0.618213 0.73574 0.244291
5 -0.454319 0.758764 0.466767 0.50031
5 -0.846814 -0.20516 -0.490729 0.294202
5 0 0 0 1
5 -0.282119 -0.804061 0.523349 0.221503
5 -0.758026 0.52119 0.392119 0.4848
5 -0.588052 -0.286088 -0.756537 0.261025
5 0 0 0 1
5 -0.16798 -0.959901 0.224437 0.059836
5 -0.916549 0.2359 0.322937 0.490699
5 -0.362933 -0.151461 -0.919423 0.141274
5 0 0 0 1
5 1.66533e-16 -1 -5.32293e-16 -1.73472e-17
5 -1 -1.11022e-16 2.04359e-15 0.45
5 -2.01102e-15 5.09072e-16 -1 0.128
5 0 0 0 1
5 1.66533e-16 -1 -5.32293e-16 -1.73472e-17
5 -1 -1.11022e-16 2.04359e-15 0.45
5 -2.01102e-15 5.09072e-16 -1 0.128
5 0 0 0 1
5 -0.529182 -0.848358 0.015963 0.118585
5 -0.84774 0.52941 0.0325828 0.445957
5 -0.0360929 0.00370972 -0.999342 0.12994
5 0 0 0 1
5 -0.897008 -0.439568 0.0464351 0.235546
5 -0.437033 0.897719 0.0556929 0.412906
5 -0.0661665 0.0296633 -0.997368 0.132123
5 0 0 0 1
5 -0.922346 -0.249769 0.294778 0.300854
5 -0.100525 0.89181 0.441101 0.462491
5 -0.373059 0.377215 -0.847665 0.186753
5 0 0 0 1
5 -0.782804 -0.349645 0.514749 0.286833
5 0.161484 0.68473 0.710681 0.555305
5 -0.60095 0.639448 -0.479548 0.324807
5 0 0 0 1
5 -0.85109 -0.120134 0.511091 0.351216
5 0.242605 0.773318 0.585767 0.499033
5 -0.465606 0.622533 -0.629018 0.27137
5 0 0 0 1
5 -0.849222 0.326202 0.415228 0.429162
5 0.4825 0.798836 0.359242 0.381686
5 -0.214513 0.505424 -0.835782 0.193293
5 0 0 0 1
5 -0.521008 0.692018 0.499662 0.521686
5 0.852431 0.451837 0.263067 0.285987
5 -0.043719 0.562987 -0.825308 0.198779
5 0 0 0 1
5 -0.0532815 0.826007 0.561136 0.592589
5 0.988453 -0.036198 0.147141 0.169584
5 0.141851 0.562497 -0.81454 0.204167
5 0 0 0 1
5 0.410759 0.690763 0.595082 0.637184
5 0.852861 -0.521858 0.0170736 0.037526
5 0.322342 0.50051 -0.803483 0.209453
5 0 0 0 1
5 0.730308 0.329639 0.598322 0.652
5 0.488729 -0.864076 -0.120487 -0.104079
5 0.477278 0.380409 -0.792145 0.214632
5 0 0 0 1
5 0.808897 -0.146919 0.569299 0.635015
5 0.00625305 -0.966072 -0.258199 -0.248354
5 0.587918 0.212416 -0.780533 0.219698
5 0 0 0 1
5 0.622727 -0.59491 0.508226 0.585829
5 -0.450782 -0.803691 -0.388428 -0.388012
5 0.639536 0.0127852 -0.768655 0.224647
5 0 0 0 1
5 0.227057 -0.880027 0.41713 0.505737
5 -0.748245 -0.431794 -0.50367 -0.515737
5 0.623358 -0.197754 -0.756517 0.229472
5 0 0 0 1
5 0.161343 -0.979867 0.117593 0.303188
5 -0.910693 -0.193737 -0.364836 -0.57327
5 0.380273 -0.0482272 -0.923616 0.162099
5 0 0 0 1
5 0 -1 9.37637e-16 0.3
5 -1 -5.55112e-17 -1.10405e-15 -0.5
5 1.09815e-15 -9.56047e-16 -1 0.128
5 0 0 0 1
5 0 -1 9.37637e-16 0.3
5 -1 -5.55112e-17 -1.10405e-15 -0.5
5 1.09815e-15 -9.56047e-16 -1 0.128
5 0 0 0 1
5 1 0.000203673 -0.000203549 0.10077
5 0.000203549 -1 -0.000611061 0.445145
5 -0.000203673 0.00061102 -1 0.369983
5 0 0 0 1
6 1 0.000203673 -0.000203549 0.10077
6 0.000203549 -1 -0.000611061 0.445145
6 -0.000203673 0.00061102 -1 0.369983
6 0 0 0 1
6 0.951491 0.178179 0.250833 0.102726
6 0.175091 -0.983938 0.0347608 0.464333
6 0.252998 0.0108441 -0.967406 0.449004
6 0 0 0 1
6 0.881785 0.271898 0.38539 0.0874511
6 0.0429158 -0.859974 0.50853 0.468322
6 0.469694 -0.431875 -0.769981 0.62203
6 0 0 0 1
6 0.7181 0.320033 0.617989 0.122075
6 0.179101 -0.943067 0.280264 0.467134
6 0.672499 -0.0905748 -0.734535 0.585827
6 0 0 0 1
6 0.460691 0.306843 0.832833 0.15617
6 0.458479 -0.885725 0.0727178 0.465599
6 0.759975 0.348336 -0.548726 0.561317
6 0 0 0 1
6 0.17815 0.214288 0.960387 0.179127
6 0.757999 -0.652237 0.00492414 0.474291
6 0.627455 0.727095 -0.278625 0.549272
6 0 0 0 1
6 -0.0858915 0.0553948 0.994763 0.189531
6 0.951041 -0.292973 0.098431 0.497233
6 0.296891 0.954515 -0.0275188 0.537084
6 0 0 0 1
6 -0.298667 -0.14543 0.943211 0.187912
6 0.944468 0.0968666 0.314001 0.530101
6 -0.137031 0.984615 0.108423 0.512797
6 0 0 0 1
6 -0.443035 -0.359747 0.821159 0.176065
6 0.714006 0.412314 0.565856 0.562217
6 -0.54214 0.837006 0.0741924 0.470043
6 0 0 0 1
6 -0.516591 -0.56146 0.646449 0.156234
6 0.311677 0.579889 0.752719 0.581052
6 -0.79749 0.590331 -0.124571 0.410827
6 0 0 0 1
6 -0.527062 -0.730022 0.435056 0.130514
6 -0.156661 0.586625 0.794562 0.57754
6 -0.835262 0.350627 -0.423554 0.34511
6 0 0 0 1
6 -0.486979 -0.850294 0.199628 0.100659
6 -0.572818 0.483466 0.661922 0.550228
6 -0.659342 0.207992 -0.722501 0.287312
6 0 0 0 1
6 -0.410132 -0.910699 -0.0491822 0.0682908
6 -0.848314 0.361124 0.387237 0.506675
6 -0.334896 0.20054 -0.920667 0.250975
6 0 0 0 1
6 1.66533e-16 -1 -5.32293e-16 -1.73472e-17
6 -1 -1.11022e-16 2.04359e-15 0.45
6 -2.01102e-15 5.09072e-16 -1 0.128
6 0 0 0 1
6 1.66533e-16 -1 -5.32293e-16 -1.73472e-17
6 -1 -1.11022e-16 2.04359e-15 0.45
6 -2.01102e-15 5.09072e-16 -1 0.128
6 0 0 0 1
6 -0.528081 -0.84905 0.0156315 0.114965
6 -0.848518 0.528305 0.030174 0.443261
6 -0.0338774 0.00267064 -0.999422 0.127399
6 0 0 0 1
6 -0.895978 -0.441885 0.0442805 0.227142
6 -0.439683 0.896675 0.0515008 0.409527
6 -0.0624627 0.0266741 -0.997691 0.126985
6 0 0 0 1
6 -0.909337 -0.26988 0.316655 0.253655
6 -0.123409 0.901787 0.414187 0.482373
6 -0.397336 0.337557 -0.853334 0.223144
6 0 0 0 1
6 -0.821202 -0.0649825 0.566925 0.379275
6 0.385064 0.6701 0.63458 0.485639
6 -0.421133 0.739421 -0.525265 0.337256
6 0 0 0 1
6 -0.605969 -0.0674878 0.79262 0.492473
6 0.764417 0.226356 0.60368 0.426694
6 -0.220155 0.971704 -0.085576 0.485141
6 0 0 0 1
6 -0.408731 -0.287231 0.866278 0.56045
6 0.906618 -0.236782 0.349255 0.30648
6 0.104802 0.928134 0.357189 0.649261
6 0 0 0 1
6 -0.363126 -0.595889 0.716279 0.556153
6 0.843253 -0.537167 -0.019386 0.14573
6 0.396314 0.596965 0.697545 0.807765
6 0 0 0 1
6 -0.493839 -0.791347 0.360407 0.468753
6 0.707428 -0.606643 -0.362671 -0.0208938
6 0.505636 0.0758606 0.859405 0.939111
6 0 0 0 1
6 -0.687959 -0.7186 -0.101615 0.308449
6 0.631426 -0.523626 -0.571941 -0.155918
6 0.357789 -0.457634 0.813977 1.02645
6 0 0 0 1
6 -0.755215 -0.548944 -0.358206 0.195478
6 0.633408 -0.470566 -0.614297 -0.206983
6 0.168655 -0.690817 0.703084 1.0526
6 0 0 0 1
6 -0.467052 -0.865289 -0.182038 0.292476
6 0.655633 -0.200751 -0.727904 -0.230867
6 0.593303 -0.459319 0.661073 1.01239
6 0 0 0 1
6 -0.324668 -0.931051 0.166537 0.470432
6 0.740671 -0.359775 -0.567422 -0.106474
6 0.588215 -0.0608749 0.80641 0.933259
6 0 0 0 1
6 -0.218081 -0.786517 0.577782 0.618359
6 0.849651 -0.444281 -0.284089 0.126504
6 0.480138 0.428959 0.765155 0.780408
6 0 0 0 1
6 -0.360105 -0.478136 0.801068 0.624093
6 0.86715 -0.48823 0.0983999 0.249271
6 0.344057 0.73008 0.59043 0.665059
6 0 0 0 1
6 -0.258253 -0.359599 0.896657 0.662621
6 0.965968 -0.0821687 0.245263 0.209365
6 -0.0145191 0.929482 0.368581 0.52114
6 0 0 0 1
6 -0.394263 0.0228078 0.918715 0.638837
6 0.863345 0.351796 0.361767 0.215672
6 -0.314949 0.935799 -0.158391 0.309401
6 0 0 0 1
6 -0.644681 0.186975 0.741234 0.518783
6 0.68739 0.566048 0.455066 0.268446
6 -0.334488 0.802889 -0.493445 0.267226
6 0 0 0 1
6 -0.613384 0.499988 0.611369 0.520626
6 0.781771 0.494367 0.380046 0.222901
6 -0.112222 0.711065 -0.694113 0.262554
6 0 0 0 1
6 -0.615286 0.731197 0.294574 0.488746
6 0.760397 0.649057 -0.0228369 0.140234
6 -0.207894 0.209942 -0.955356 0.156983
6 0 0 0 1
6 -0.135909 0.945388 0.296261 0.523212
6 0.983618 0.164504 -0.0737111 0.0390482
6 -0.118422 0.28139 -0.952258 0.153591
6 0 0 0 1
6 0.38485 0.876563 0.289011 0.536911
6 0.92296 -0.363476 -0.12661 -0.0687827
6 -0.00593364 0.315471 -0.948917 0.150146
6 0 0 0 1
6 0.793117 0.544959 0.272 0.528552
6 0.598237 -0.780863 -0.179903 -0.17896
6 0.114355 0.305405 -0.945331 0.146649
6 0 0 0 1
6 0.968403 0.0480225 0.244725 0.497743
6 0.106502 -0.966941 -0.231697 -0.286933
6 0.225508 0.250439 -0.941502 0.143103
6 0 0 0 1
6 0.858865 -0.468479 0.20707 0.44504
6 -0.406832 -0.869565 -0.279902 -0.38809
6 0.311189 0.156155 -0.937431 0.139507
6 0 0 0 1
6 0.496265 -0.853418 0.15937 0.371951
6 -0.790936 -0.520124 -0.322321 -0.477955
6 0.357967 0.0339052 -0.933118 0.135864
6 0 0 0 1
6 -0.0137031 -0.994644 0.102451 0.280909
6 -0.933895 -0.0238799 -0.35675 -0.552392
6 0.357285 -0.100567 -0.928565 0.132173
6 0 0 0 1
6 0 -1 9.37637e-16 0.3
6 -1 -5.55112e-17 -1.10405e-15 -0.5
6 1.09815e-15 -9.56047e-16 -1 0.128
6 0 0 0 1
6 0 -1 9.37637e-16 0.3
6 -1 -5.55112e-17 -1.10405e-15 -0.5
6 1.09815e-15 -9.56047e-16 -1 0.128
6 0 0 0 1
6 1 0.000203673 -0.000203549 0.10077
6 0.000203549 -1 -0.000611061 0.445145
6 -0.000203673 0.00061102 -1 0.369983
6 0 0 0 1
7 1 0.000203673 -0.000203549 0.10077
7 0.000203549 -1 -0.000611061 0.445145
7 -0.000203673 0.00061102 -1 0.369983
7 0 0 0 1
7 0.983855 -0.0734449 0.163204 0.252393
7 -0.0777257 -0.996774 0.0199923 0.41165
7 0.161209 -0.0323546 -0.98639 0.343168
7 0 0 0 1
7 0.857324 -0.119709 0.500665 0.268129
7 -0.231883 -0.95813 0.16798 0.403182
7 0.459593 -0.260109 -0.849186 0.492088
7 0 0 0 1
7 0.572295 -0.402728 0.714345 0.376788
7 -0.552564 -0.833034 -0.0269566 0.382194
7 0.60593 -0.379295 -0.699274 0.50883
7 0 0 0 1
7 0.571133 -0.396824 0.718566 0.377717
7 -0.527888 -0.847918 -0.0486799 0.381409
7 0.628602 -0.35152 -0.693752 0.506125
7 0 0 0 1
7 0.547946 -0.301619 0.780244 0.388519
7 -0.094527 -0.949085 -0.300503 0.373066
7 0.831156 0.0909056 -0.548558 0.47698
7 0 0 0 1
7 0.490333 -0.191874 0.850152 0.39606
7 0.402831 -0.815119 -0.416304 0.375156
7 0.772852 0.546595 -0.322387 0.459655
7 0 0 0 1
7 0.37424 -0.0944546 0.922509 0.400212
7 0.805123 -0.460513 -0.373771 0.391537
7 0.460132 0.882613 -0.096295 0.445022
7 0 0 0 1
7 0.196817 -0.0467006 0.979327 0.399219
7 0.980381 0.0203273 -0.196059 0.420099
7 -0.010751 0.998702 0.0497851 0.423715
7 0 0 0 1
7 -0.017627 -0.0803914 0.996607 0.390513
7 0.872204 0.486081 0.0546364 0.45359
7 -0.488824 0.870208 0.0615496 0.389585
7 0 0 0 1
7 -0.224052 -0.205948 0.952568 0.371835
7 0.518488 0.802425 0.29544 0.482183
7 -0.82521 0.560089 -0.0730035 0.342036
7 0 0 0 1
7 -0.372712 -0.4046 0.835095 0.342252
7 0.0327538 0.893642 0.447584 0.49696
7 -0.927369 0.194173 -0.319819 0.286465
7 0 0 0 1
7 -0.427526 -0.632354 0.646026 0.302719
7 -0.442974 0.769494 0.460058 0.493188
7 -0.788033 -0.0894861 -0.609095 0.232673
7 0 0 0 1
7 -0.378866 -0.834026 0.401075 0.256007
7 -0.79247 0.516204 0.324845 0.472303
7 -0.477966 -0.194768 -0.856513 0.1917
7 0 0 0 1
7 -0.150258 -0.963143 0.223108 0.05703
7 -0.92149 0.218193 0.321323 0.491216
7 -0.358161 -0.15731 -0.920312 0.13602
7 0 0 0 1
7 1.66533e-16 -1 -5.32293e-16 -1.73472e-17
7 -1 -1.11022e-16 2.04359e-15 0.45
7 -2.01102e-15 5.09072e-16 -1 0.128
7 0 0 0 1
7 1.66533e-16 -1 -5.32293e-16 -1.73472e-17
7 -1 -1.11022e-16 2.04359e-15 0.45
7 -2.01102e-15 5.09072e-16 -1 0.128
7 0 0 0 1
7 -0.525726 -0.85047 0.0176764 0.113273
7 -0.849947 0.526023 0.0298251 0.44914
7 -0.0346636 0.000655829 -0.999399 0.128751
7 0 0 0 1
7 -0.893412 -0.44668 0.0478772 0.226398
7 -0.444483 0.894386 0.0500889 0.421641
7 -0.0651945 0.0234694 -0.997597 0.129672
7 0 0 0 1
7 -0.900181 -0.261339 0.34839 0.257912
7 -0.167425 0.946134 0.277128 0.444795
7 -0.402048 0.191136 -0.895446 0.175399
7 0 0 0 1
7 -0.78904 -0.0350923 0.613338 0.358389
7 0.322215 0.826387 0.461802 0.413602
7 -0.523061 0.562007 -0.640746 0.260656
7 0 0 0 1
7 -0.562591 0.0444071 0.825542 0.432142
7 0.702419 0.552293 0.448977 0.355148
7 -0.436003 0.832466 -0.341908 0.349904
7 0 0 0 1
7 -0.643441 0.328685 0.691339 0.466433
7 0.685465 0.649427 0.329215 0.278042
7 -0.340767 0.685719 -0.64317 0.286551
7 0 0 0 1
7 -0.546615 0.540931 0.639223 0.466684
7 0.807696 0.542041 0.231988 0.335993
7 -0.220996 0.643106 -0.733195 0.225685
7 0 0 0 1
7 -0.114272 0.62933 0.768691 0.553681
7 0.992447 0.0375628 0.116782 0.242419
7 0.0446201 0.77623 -0.628869 0.256648
7 0 0 0 1
7 0.275013 0.43808 0.855835 0.618724
7 0.8876 -0.457796 -0.0508864 0.127427
7 0.369505 0.773634 -0.51474 0.29066
7 0 0 0 1
7 0.467003 0.0487091 0.882913 0.656204
7 0.562298 -0.786958 -0.254003 -0.0032586
7 0.682443 0.615081 -0.394901 0.327186
7 0 0 0 1
7 0.386349 -0.382802 0.839164 0.662185
7 0.161188 -0.867786 -0.470069 -0.142364
7 0.908159 0.316874 -0.273565 0.365641
7 0 0 0 1
7 0.0650437 -0.688461 0.722351 0.634846
7 -0.156792 -0.721944 -0.673954 -0.281614
7 0.985488 -0.0694223 -0.154903 0.405411
7 0 0 0 1
7 0.170522 -0.873598 0.455794 0.583898
7 -0.259783 -0.486061 -0.83442 -0.451456
7 0.950492 0.0238794 -0.30983 0.344595
7 0 0 0 1
7 0.184983 -0.934028 0.305571 0.50811
7 -0.567026 -0.355401 -0.743083 -0.526932
7 0.80266 -0.0358088 -0.595361 0.203397
7 0 0 0 1
7 0.395647 -0.882755 0.253391 0.509171
7 -0.734268 -0.469768 -0.490071 -0.407566
7 0.551647 0.00783832 -0.834041 0.182904
7 0 0 0 1
7 0.279546 -0.950703 0.134229 0.393586
7 -0.889541 -0.309064 -0.336447 -0.528447
7 0.361347 -0.0253497 -0.932087 0.144878
7 0 0 0 1
7 0 -1 9.37637e-16 0.3
7 -1 -5.55112e-17 -1.10405e-15 -0.5
7 1.09815e-15 -9.56047e-16 -1 0.128
7 0 0 0 1
7 0 -1 9.37637e-16 0.3
7 -1 -5.55112e-17 -1.10405e-15 -0.5
7 1.09815e-15 -9.56047e-16 -1 0.128
7 0 0 0 1
7 1 0.000203673 -0.000203549 0.10077
7 0.000203549 -1 -0.000611061 0.445145
7 -0.000203673 0.00061102 -1 0.369983
7 0 0 0 1
8 1 0.000203673 -0.000203549 0.10077
8 0.000203549 -1 -0.000611061 0.445145
8 -0.000203673 0.00061102 -1 0.369983
8 0 0 0 1
8 0.874091 -0.464363 0.142587 0.251303
8 -0.480356 -0.869956 0.111508 0.352693
8 0.0722641 -0.16596 -0.983481 0.458363
8 0 0 0 1
8 0.866816 -0.473182 0.157255 0.189231
8 -0.465247 -0.654062 0.596446 0.355068
8 -0.179373 -0.590171 -0.787098 0.600936
8 0 0 0 1
8 0.613976 -0.583463 0.531606 0.294755
8 -0.744853 -0.205403 0.634825 0.291152
8 -0.261204 -0.785736 -0.560706 0.705218
8 0 0 0 1
8 0.444688 -0.589134 0.674666 0.350359
8 -0.786133 0.10426 0.6092 0.266698
8 -0.429241 -0.801281 -0.416775 0.797753
8 0 0 0 1
8 0.0454912 -0.358259 0.932513 0.424013
8 -0.943427 0.291508 0.158017 0.116623
8 -0.328446 -0.886946 -0.32473 0.826528
8 0 0 0 1
8 -0.263045 -0.221556 0.939 0.50948
8 -0.93088 0.314028 -0.186676 0.00921491
8 -0.253513 -0.9232 -0.288846 0.774647
8 0 0 0 1
8 -0.430238 0.0152088 0.902587 0.457813
8 -0.888271 0.171016 -0.426296 -0.097282
8 -0.16084 -0.985151 -0.0600681 0.862314
8 0 0 0 1
8 -0.442872 -0.0394454 0.895717 0.466362
8 -0.890552 0.13505 -0.434371 -0.0890981
8 -0.103833 -0.990053 -0.0949381 0.852388
8 0 0 0 1
8 -0.412396 -0.417339 0.809789 0.513681
8 -0.837432 -0.176293 -0.517329 -0.0236021
8 0.358661 -0.891487 -0.27679 0.780397
8 0 0 0 1
8 -0.196776 -0.661013 0.724114 0.536893
8 -0.608653 -0.496652 -0.618772 0.047365
8 0.768649 -0.562494 -0.304598 0.716514
8 0 0 0 1
8 0.0879877 -0.703868 0.70486 0.542782
8 -0.194189 -0.706149 -0.680914 0.123632
8 0.97701 -0.0769639 -0.198816 0.662019
8 0 0 0 1
8 0.294077 -0.56702 0.76942 0.534795
8 0.318151 -0.701036 -0.638223 0.206472
8 0.901276 0.432478 -0.0257607 0.612558
8 0 0 0 1
8 0.316758 -0.350344 0.881433 0.511835
8 0.7675 -0.451357 -0.455216 0.294632
8 0.557323 0.820692 0.125919 0.560875
8 0 0 0 1
8 0.145537 -0.182355 0.972402 0.470293
8 0.987853 -0.0273131 -0.152972 0.381581
8 0.0544544 0.982853 0.176165 0.500589
8 0 0 0 1
8 -0.134768 -0.156505 0.978439 0.407912
8 0.885702 0.423699 0.189767 0.455805
8 -0.444264 0.89218 0.0815155 0.429609
8 0 0 0 1
8 -0.391566 -0.288878 0.873628 0.327115
8 0.487196 0.740346 0.463172 0.504383
8 -0.780587 0.60699 -0.149154 0.351868
8 0 0 0 1
8 -0.513047 -0.519142 0.683575 0.235757
8 -0.0698348 0.818977 0.569561 0.518295
8 -0.855515 0.244474 -0.456428 0.276688
8 0 0 0 1
8 -0.460585 -0.751259 0.472728 0.144656
8 -0.59466 0.656558 0.464017 0.496862
8 -0.65897 -0.0673931 -0.749144 0.215921
8 0 0 0 1
8 -0.185048 -0.956611 0.225061 0.059292
8 -0.911464 0.252689 0.324626 0.491377
8 -0.367411 -0.145063 -0.918676 0.147191
8 0 0 0 1
8 1.66533e-16 -1 -5.32293e-16 -1.73472e-17
8 -1 -1.11022e-16 2.04359e-15 0.45
8 -2.01102e-15 5.09072e-16 -1 0.128
8 0 0 0 1
8 1.66533e-16 -1 -5.32293e-16 -1.73472e-17
8 -1 -1.11022e-16 2.04359e-15 0.45
8 -2.01102e-15 5.09072e-16 -1 0.128
8 0 0 0 1
8 -0.524503 -0.850996 0.0264909 0.112354
8 -0.850466 0.525133 0.0307216 0.447212
8 -0.0400552 -0.00641599 -0.999177 0.134928
8 0 0 0 1
8 -0.891449 -0.448404 0.0652136 0.22361
8 -0.446028 0.893724 0.0481257 0.418229
8 -0.0798627 0.0138144 -0.99671 0.142257
8 0 0 0 1
8 -0.906302 -0.409607 0.104113 0.237419
8 -0.274167 0.757289 0.592744 0.525712
8 -0.321636 0.50866 -0.798633 0.287374
8 0 0 0 1
8 -0.975287 -0.0723365 0.208766 0.323508
8 0.0541279 0.837866 0.543186 0.479158
8 -0.21421 0.541062 -0.813244 0.281389
8 0 0 0 1
8 -0.839236 0.425168 0.338992 0.435279
8 0.540667 0.718937 0.436818 0.386021
8 -0.057993 0.549875 -0.833231 0.27276
8 0 0 0 1
8 -0.456367 0.778834 0.430287 0.521788
8 0.885937 0.352762 0.301123 0.269339
8 0.082736 0.518629 -0.850987 0.264494
8 0 0 0 1
8 0.0583906 0.87714 0.476672 0.578236
8 0.978057 -0.145918 0.1487 0.13581
8 0.199986 0.45753 -0.866413 0.256602
8 0 0 0 1
8 0.547763 0.688037 0.475985 0.60157
8 0.784632 -0.619924 -0.00685159 -0.0069438
8 0.29036 0.377226 -0.879427 0.249096
8 0 0 0 1
8 0.861794 0.269159 0.429958 0.590643
8 0.362975 -0.919312 -0.152034 -0.15082
8 0.354344 0.287086 -0.889956 0.241985
8 0 0 0 1
8 0.904956 -0.250436 0.344002 0.546265
8 -0.158129 -0.948489 -0.274523 -0.28771
8 0.395032 0.194035 -0.897942 0.235276
8 0 0 0 1
8 0.665753 -0.710904 0.226691 0.471137
8 -0.619046 -0.695841 -0.364127 -0.409962
8 0.4166 0.102086 -0.90334 0.228974
8 0 0 0 1
8 0.219705 -0.971496 0.0890249 0.369674
8 -0.879169 -0.236722 -0.413551 -0.510816
8 0.422837 0.0125912 -0.906118 0.223081
8 0 0 0 1
8 0 -1 9.37637e-16 0.3
8 -1 -5.55112e-17 -1.10405e-15 -0.5
8 1.09815e-15 -9.56047e-16 -1 0.128
8 0 0 0 1
8 0 -1 9.37637e-16 0.3
8 -1 -5.55112e-17 -1.10405e-15 -0.5
8 1.09815e-15 -9.56047e-16 -1 0.128
8 0 0 0 1
8 1 0.000203673 -0.000203549 0.10077
8 0.000203549 -1 -0.000611061 0.445145
8 -0.000203673 0.00061102 -1 0.369983
8 0 0 0 1
9 1 0.000203673 -0.000203549 0.10077
9 0.000203549 -1 -0.000611061 0.445145
