0 1 0.000203673 -0.000203549 0.10077
0 0.000203549 -1 -0.000611061 0.445145
0 -0.000203673 0.00061102 -1 0.369983
0 0 0 0 1
0 0.985856 0.159835 0.0504048 0.0362076
0 0.126943 -0.90852 0.398091 0.44052
0 0.109423 -0.386062 -0.91596 0.575947
0 0 0 0 1
0 0.925005 0.238635 0.295668 0.0812053
0 0.190462 -0.964557 0.182631 0.439294
0 0.328771 -0.112621 -0.937671 0.527508
0 0 0 0 1
0 0.762407 0.292676 0.577128 0.13834
0 0.417572 -0.903845 -0.093266 0.42794
0 0.494337 0.312099 -0.811311 0.483722
0 0 0 0 1
0 0.550506 0.279576 0.786626 0.18776
0 0.711593 -0.649872 -0.267023 0.418878
0 0.436553 0.706756 -0.556703 0.459514
0 0 0 0 1
0 0.330665 0.207328 0.920693 0.227379
0 0.931226 -0.230075 -0.282638 0.421575
0 0.153229 0.950832 -0.269147 0.443677
0 0 0 0 1
0 0.12663 0.0914732 0.987723 0.257098
0 0.955872 0.254852 -0.146149 0.437066
0 -0.265092 0.962644 -0.0551646 0.422714
0 0 0 0 1
0 -0.0540341 -0.0565768 0.996935 0.277296
0 0.739665 0.668437 0.0780243 0.458267
0 -0.670803 0.741614 0.00572946 0.386434
0 0 0 0 1
0 -0.20899 -0.232906 0.949778 0.287634
0 0.330837 0.897118 0.29279 0.473565
0 -0.920256 0.375412 -0.110435 0.332147
0 0 0 0 1
0 -0.330094 -0.433855 0.838336 0.286847
0 -0.152299 0.900959 0.406297 0.472239
0 -0.931581 0.00643842 -0.363477 0.26591
0 0 0 0 1
0 -0.401013 -0.643823 0.651675 0.273679
0 -0.5755 0.730531 0.367591 0.449535
0 -0.712733 -0.22763 -0.663473 0.200347
0 0 0 0 1
0 -0.405706 -0.828023 0.387015 0.248469
0 -0.845002 0.501191 0.186491 0.409348
0 -0.348387 -0.251368 -0.903017 0.149848
0 0 0 0 1
0 -0.169067 -0.963347 0.208274 0.051083
0 -0.916289 0.231474 0.326855 0.492501
0 -0.363085 -0.135579 -0.921839 0.136962
0 0 0 0 1
0 1.66533e-16 -1 -5.32293e-16 -1.73472e-17
0 -1 -1.11022e-16 2.04359e-15 0.45
0 -2.01102e-15 5.09072e-16 -1 0.128
0 0 0 0 1
0 1.66533e-16 -1 -5.32293e-16 -1.73472e-17
0 -1 -1.11022e-16 2.04359e-15 0.45
0 -2.01102e-15 5.09072e-16 -1 0.128
0 0 0 0 1
0 -0.315843 -0.935349 0.159266 0.0905009
0 -0.900301 0.348429 0.260874 0.463568
0 -0.299501 -0.0609917 -0.952144 0.125992
0 0 0 0 1
0 -0.749279 -0.627448 0.211873 0.207298
0 -0.580716 0.776287 0.245248 0.441885
0 -0.318355 0.0607204 -0.946025 0.144019
0 0 0 0 1
0 -0.759481 -0.477687 0.441592 0.281517
0 -0.104615 0.75967 0.641839 0.498746
0 -0.642063 0.441268 -0.626928 0.275363
0 0 0 0 1
0 -0.695762 -0.499226 0.516419 0.332018
0 0.349379 0.392966 0.850595 0.522767
0 -0.627574 0.772238 -0.0989916 0.472849
0 0 0 0 1
0 -0.741867 -0.12308 0.659155 0.453044
0 0.550719 0.448971 0.703657 0.434072
0 -0.382548 0.885029 -0.265294 0.406519
0 0 0 0 1
0 -0.609915 0.276368 0.742714 0.545906
0 0.784598 0.342337 0.516925 0.314222
0 -0.111397 0.898012 -0.425634 0.342508
0 0 0 0 1
0 -0.291169 0.588022 0.75462 0.602369
0 0.946431 0.0619433 0.316911 0.173564
0 0.139607 0.80647 -0.574558 0.281867
0 0 0 0 1
0 0.151733 0.703309 0.694503 0.618224
0 0.933312 -0.333285 0.133603 0.0244103
0 0.325432 0.627916 -0.706977 0.225516
0 0 0 0 1
0 0.593971 0.562974 0.574682 0.593616
0 0.690433 -0.723379 -0.00496578 -0.120526
0 0.412917 0.399729 -0.818362 0.174224
0 0 0 0 1
0 0.887853 0.191509 0.41838 0.532765
0 0.24518 -0.966337 -0.0779708 -0.249665
0 0.389364 0.171805 -0.904919 0.128587
0 0 0 0 1
0 0.939169 -0.0295424 0.342183 0.494442
0 0.000148671 -0.996259 -0.0864202 -0.301286
0 0.343456 0.081214 -0.935651 0.109551
0 0 0 0 1
0 0.994596 0.0810211 0.0649202 0.506729
0 0.0847645 -0.994761 -0.0571425 -0.213087
0 0.0599503 0.0623367 -0.996253 0.127259
0 0 0 0 1
0 0.891708 -0.451351 0.0337418 0.459972
0 -0.449703 -0.891951 -0.0468138 -0.322498
0 0.0512256 0.0265705 -0.998334 0.127488
0 0 0 0 1
0 0.523981 -0.851656 0.0112377 0.390039
0 -0.851252 -0.524083 -0.0265909 -0.419766
0 0.0285358 0.00436696 -0.999583 0.127734
0 0 0 0 1
0 0 -1 9.37637e-16 0.3
0 -1 -5.55112e-17 -1.10405e-15 -0.5
0 1.09815e-15 -9.56047e-16 -1 0.128
0 0 0 0 1
0 0 -1 9.37637e-16 0.3
0 -1 -5.55112e-17 -1.10405e-15 -0.5
0 1.09815e-15 -9.56047e-16 -1 0.128
0 0 0 0 1
0 1 0.000203673 -0.000203549 0.10077
0 0.000203549 -1 -0.000611061 0.445145
0 -0.000203673 0.00061102 -1 0.369983
0 0 0 0 1
1 1 0.000203673 -0.000203549 0.10077
1 0.000203549 -1 -0.000611061 0.445145
1 -0.000203673 0.00061102 -1 0.369983
1 0 0 0 1
1 0.976339 -0.071603 0.204047 0.238242
1 -0.0828467 -0.995449 0.0470934 0.380555
1 0.199747 -0.0628837 -0.977828 0.460313
1 0 0 0 1
1 0.852466 -0.420886 0.310093 0.292351
1 -0.501596 -0.825648 0.258277 0.358226
1 0.147322 -0.375713 -0.914951 0.584695
1 0 0 0 1
1 0.840293 -0.505765 0.195218 0.324273
1 -0.500247 -0.862145 -0.080366 0.362944
1 0.208953 -0.0301265 -0.977462 0.530916
1 0 0 0 1
1 0.871785 -0.374593 0.315706 0.324636
1 -0.289526 -0.913824 -0.284781 0.360524
1 0.395177 0.156862 -0.905113 0.509853
1 0 0 0 1
1 0.828234 -0.161598 0.536577 0.324278
1 0.148769 -0.859753 -0.488561 0.365918
1 0.540274 0.484469 -0.688036 0.493853
1 0 0 0 1
1 0.646161 0.00842234 0.763154 0.319132
1 0.602347 -0.619677 -0.503167 0.390184
1 0.468672 0.784811 -0.405485 0.48985
1 0 0 0 1
1 0.343639 0.0704373 0.936456 0.302357
1 0.918051 -0.23515 -0.319198 0.434968
1 0.197724 0.969404 -0.145472 0.485911
1 0 0 0 1
1 -0.0083664 -0.0130366 0.99988 0.267255
1 0.982433 0.186311 0.0106496 0.493097
1 -0.186428 0.982404 0.0112489 0.470905
1 0 0 0 1
1 -0.311011 -0.229087 0.922384 0.21063
1 0.767618 0.511697 0.385913 0.550623
1 -0.560388 0.828061 0.0167079 0.438345
1 0 0 0 1
1 -0.477475 -0.514327 0.71238 0.134799
1 0.341571 0.638346 0.689815 0.591444
1 -0.809535 0.572698 -0.129115 0.388667
1 0 0 0 1
1 -0.467853 -0.779657 0.416232 0.0473021
1 -0.161986 0.538621 0.82683 0.60284
1 -0.868835 0.319411 -0.378289 0.329202
1 0 0 0 1
1 -0.301858 -0.94791 0.101725 -0.0416122
1 -0.599297 0.271654 0.753025 0.579886
1 -0.741434 0.166343 -0.650081 0.271857
1 0 0 0 1
1 -0.156539 -0.960868 0.228534 0.0574461
1 -0.91358 0.228795 0.336191 0.494954
1 -0.375323 -0.156156 -0.913645 0.148194
1 0 0 0 1
1 1.66533e-16 -1 -5.32293e-16 -1.73472e-17
1 -1 -1.11022e-16 2.04359e-15 0.45
1 -2.01102e-15 5.09072e-16 -1 0.128
1 0 0 0 1
1 1.66533e-16 -1 -5.32293e-16 -1.73472e-17
1 -1 -1.11022e-16 2.04359e-15 0.45
1 -2.01102e-15 5.09072e-16 -1 0.128
1 0 0 0 1
1 -0.513917 -0.857504 0.0239961 0.145359
1 -0.841246 0.509254 0.181564 0.46131
1 -0.167912 0.0731224 -0.983086 0.169323
1 0 0 0 1
1 -0.87492 -0.466646 0.129446 0.281534
1 -0.432538 0.873232 0.224449 0.426521
1 -0.217774 0.140385 -0.96585 0.157969
1 0 0 0 1
1 -0.827049 -0.416035 0.378027 0.270969
1 -0.163986 0.821805 0.545661 0.524808
1 -0.537678 0.389297 -0.747897 0.265241
1 0 0 0 1
1 -0.862198 -0.274363 0.425841 0.336088
1 -0.0290462 0.866024 0.499158 0.498102
1 -0.505739 0.418004 -0.754653 0.26025
1 0 0 0 1
1 -0.830848 0.15952 0.533146 0.509688
1 0.384202 0.857503 0.342166 0.375201
1 -0.402592 0.489124 -0.773743 0.244069
1 0 0 0 1
1 -0.603449 0.539374 0.587304 0.637718
1 0.743127 0.647478 0.168918 0.194528
1 -0.289156 0.538375 -0.791543 0.225792
1 0 0 0 1
1 -0.5754 0.695923 0.429658 0.559838
1 0.800021 0.588078 0.118873 0.183458
1 -0.169945 0.412135 -0.895133 0.133199
1 0 0 0 1
1 -0.662557 0.742999 0.0947123 0.450962
1 0.749004 0.657769 0.0795784 0.233627
1 -0.00317215 0.123665 -0.992319 0.156498
1 0 0 0 1
1 -0.172854 0.980444 0.0940831 0.501839
1 0.98442 0.168848 0.0490595 0.129363
1 0.0322144 0.101097 -0.994355 0.152593
1 0 0 0 1
1 0.368721 0.925605 0.0854413 0.529178
1 0.928027 -0.371806 0.0229607 0.0159705
1 0.0530201 0.0708257 -0.996079 0.148631
1 0 0 0 1
1 0.800945 0.594545 0.0707418 0.531426
1 0.595856 -0.803085 0.00314256 -0.101266
1 0.05868 0.0396349 -0.99749 0.144613
1 0 0 0 1
1 0.994946 0.0856932 0.0523283 0.508209
1 0.0862866 -0.996228 -0.00918443 -0.216819
1 0.0513438 0.0136532 -0.998588 0.14054
1 0 0 0 1
1 0.892728 -0.449404 0.0327422 0.460367
1 -0.449208 -0.893325 -0.0135313 -0.325182
1 0.0353304 -0.00262832 -0.999372 0.136413
1 0 0 0 1
1 0.524556 -0.851252 0.0145211 0.389923
1 -0.851221 -0.52471 -0.01015 -0.421137
1 0.0162596 -0.00703647 -0.999843 0.132233
1 0 0 0 1
1 0 -1 9.37637e-16 0.3
1 -1 -5.55112e-17 -1.10405e-15 -0.5
1 1.09815e-15 -9.56047e-16 -1 0.128
1 0 0 0 1
1 0 -1 9.37637e-16 0.3
1 -1 -5.55112e-17 -1.10405e-15 -0.5
1 1.09815e-15 -9.56047e-16 -1 0.128
1 0 0 0 1
1 1 0.000203673 -0.000203549 0.10077
1 0.000203549 -1 -0.000611061 0.445145
1 -0.000203673 0.00061102 -1 0.369983
1 0 0 0 1
2 1 0.000203673 -0.000203549 0.10077
2 0.000203549 -1 -0.000611061 0.445145
2 -0.000203673 0.00061102 -1 0.369983
2 0 0 0 1
2 0.892589 -0.42105 0.16125 0.209556
2 -0.448403 -0.86636 0.2199 0.379815
2 0.0471118 -0.268585 -0.962103 0.433709
2 0 0 0 1
2 0.742505 -0.555822 0.373829 0.263592
2 -0.666784 -0.666562 0.333309 0.382459
2 0.0639202 -0.496747 -0.865539 0.566613
2 0 0 0 1
2 0.74852 -0.434268 0.501128 0.275736
2 -0.548969 -0.829723 0.100958 0.381692
2 0.371954 -0.350673 -0.859464 0.537993
2 0 0 0 1
2 0.69349 -0.258872 0.672352 0.287423
2 -0.215375 -0.965033 -0.149415 0.382879
2 0.687521 -0.0411901 -0.724996 0.516774
2 0 0 0 1
2 0.546258 -0.101401 0.831456 0.292798
2 0.236824 -0.933446 -0.269429 0.39575
2 0.80344 0.344087 -0.485889 0.510496
2 0 0 0 1
2 0.309074 -0.00754579 0.951008 0.288837
2 0.669307 -0.708685 -0.223145 0.425748
2 0.675649 0.705485 -0.213985 0.510094
2 0 0 0 1
2 0.0177719 -0.0160457 0.999713 0.271912
2 0.940512 -0.339037 -0.0221612 0.471645
2 0.339296 0.940636 0.00906587 0.504823
2 0 0 0 1
2 -0.264889 -0.13963 0.954116 0.23945
2 0.958855 0.066659 0.27596 0.525705
2 -0.102133 0.987958 0.116228 0.485883
2 0 0 0 1
2 -0.469712 -0.35445 0.808539 0.191353
2 0.717017 0.381137 0.583627 0.576019
2 -0.515031 0.853873 0.0751225 0.449391
2 0 0 0 1
2 -0.546423 -0.604915 0.579223 0.130555
2 0.292085 0.510537 0.808727 0.610259
2 -0.784926 0.611089 -0.102283 0.397793
2 0 0 0 1
2 -0.48202 -0.822904 0.300808 0.0624466
2 -0.18809 0.432508 0.881793 0.619678
2 -0.855733 0.368463 -0.363258 0.339265
2 0 0 0 1
2 -0.303619 -0.952655 0.0162594 -0.00666049
2 -0.596571 0.203382 0.776363 0.60204
2 -0.742913 0.226019 -0.630077 0.28529
2 0 0 0 1
2 -0.17739 -0.960844 0.212865 0.0525223
2 -0.91386 0.241093 0.326701 0.489856
2 -0.365229 -0.136576 -0.920845 0.143686
2 0 0 0 1
2 1.66533e-16 -1 -5.32293e-16 -1.73472e-17
2 -1 -1.11022e-16 2.04359e-15 0.45
2 -2.01102e-15 5.09072e-16 -1 0.128
2 0 0 0 1
2 1.66533e-16 -1 -5.32293e-16 -1.73472e-17
2 -1 -1.11022e-16 2.04359e-15 0.45
2 -2.01102e-15 5.09072e-16 -1 0.128
2 0 0 0 1
2 -0.520214 -0.853994 0.00843494 0.101597
2 -0.85363 0.520246 0.0257138 0.449839
2 -0.0263477 0.00617635 -0.999634 0.126174
2 0 0 0 1
2 -0.888166 -0.458726 0.0270459 0.203406
2 -0.457263 0.888096 0.0468569 0.428294
2 -0.0455139 0.0292496 -0.998535 0.124394
2 0 0 0 1
2 -0.996097 0.069753 0.0540879 0.300862
2 0.0729925 0.9955 0.0604287 0.385294
2 -0.0496294 0.0641409 -0.996706 0.122661
2 0 0 0 1
2 -0.924592 0.35843 0.129062 0.28557
2 0.37978 0.893856 0.238304 0.368279
2 -0.0299478 0.269349 -0.962577 0.241829
2 0 0 0 1
2 -0.756224 0.593039 0.276459 0.356997
2 0.654228 0.692113 0.304901 0.343817
2 -0.0105221 0.411441 -0.911376 0.270439
2 0 0 0 1
2 -0.352106 0.770808 0.53092 0.463758
2 0.925955 0.204157 0.317691 0.27523
2 0.136488 0.603469 -0.785619 0.325358
2 0 0 0 1
2 0.065196 0.648 0.758845 0.548703
2 0.916996 -0.33881 0.210537 0.172978
2 0.393532 0.682132 -0.616303 0.389743
2 0 0 0 1
2 0.313932 0.276165 0.908394 0.5996
2 0.656184 -0.754596 0.00263804 0.0446639
2 0.686199 0.595245 -0.418107 0.461275
2 0 0 0 1
2 0.281507 -0.185086 0.94154 0.607545
2 0.27947 -0.922868 -0.264973 -0.0973403
2 0.91796 0.337724 -0.208068 0.537093
2 0 0 0 1
2 -0.0187972 -0.537968 0.842756 0.568834
2 -0.0366159 -0.841969 -0.538282 -0.237558
2 0.999153 -0.0409765 -0.00387149 0.614031
2 0 0 0 1
2 0.259353 -0.481211 0.83736 0.576061
2 -0.268017 -0.868834 -0.416286 -0.259232
2 0.927849 -0.116462 -0.354307 0.48072
2 0 0 0 1
2 0.296583 -0.483325 0.823672 0.571376
2 -0.562144 -0.785583 -0.258561 -0.274146
2 0.772032 -0.386337 -0.504689 0.454164
2 0 0 0 1
2 0.475425 -0.742243 0.472278 0.534555
2 -0.725103 -0.634598 -0.267414 -0.415698
2 0.498193 -0.215315 -0.839907 0.224952
2 0 0 0 1
2 0.209061 -0.957178 0.20026 0.46539
2 -0.943847 -0.251077 -0.214742 -0.437615
2 0.255827 -0.14412 -0.955919 0.110653
2 0 0 0 1
2 0 -1 9.37637e-16 0.3
2 -1 -5.55112e-17 -1.10405e-15 -0.5
2 1.09815e-15 -9.56047e-16 -1 0.128
2 0 0 0 1
2 0 -1 9.37637e-16 0.3
2 -1 -5.55112e-17 -1.10405e-15 -0.5
2 1.09815e-15 -9.56047e-16 -1 0.128
2 0 0 0 1
2 1 0.000203673 -0.000203549 0.10077
2 0.000203549 -1 -0.000611061 0.445145
2 -0.000203673 0.00061102 -1 0.369983
2 0 0 0 1
3 1 0.000203673 -0.000203549 0.10077
3 0.000203549 -1 -0.000611061 0.445145
3 -0.000203673 0.00061102 -1 0.369983
3 0 0 0 1
3 0.936123 0.25884 0.238065 0.0827757
3 0.229657 -0.962624 0.14357 0.507183
3 0.266329 -0.0797256 -0.960579 0.44069
3 0 0 0 1
3 0.778966 0.351656 0.519182 0.110321
3 0.46556 -0.878984 -0.103153 0.483505
3 0.420078 0.322063 -0.848416 0.407376
3 0 0 0 1
3 0.598852 0.553098 0.579188 0.0835247
3 0.747329 -0.645908 -0.15589 0.512046
3 0.28788 0.526199 -0.80015 0.43166
3 0 0 0 1
3 0.57611 0.547672 0.606756 0.0864741
3 0.76735 -0.618093 -0.170688 0.509953
3 0.281551 0.56393 -0.776346 0.429734
3 0 0 0 1
3 0.327476 0.435885 0.83831 0.110417
3 0.936655 -0.266427 -0.227363 0.497173
3 0.124244 0.859663 -0.495522 0.419488
3 0 0 0 1
3 0.0750411 0.227229 0.970946 0.121469
3 0.98164 0.154397 -0.112001 0.501476
3 -0.175361 0.961524 -0.211471 0.41564
3 0 0 0 1
3 -0.12978 -0.0477809 0.990391 0.117432
3 0.837772 0.528992 0.135302 0.519164
3 -0.530374 0.847281 -0.0286229 0.404378
3 0 0 0 1
3 -0.249573 -0.341966 0.905965 0.099376
3 0.50635 0.751391 0.423109 0.539163
3 -0.825423 0.564332 -0.0143728 0.376705
3 0 0 0 1
3 -0.271822 -0.606176 0.747438 0.0711903
3 0.0551829 0.765586 0.640963 0.547658
3 -0.960764 0.215474 -0.174653 0.332059
3 0 0 0 1
3 -0.210756 -0.804895 0.554731 0.0380812
3 -0.40728 0.588179 0.698691 0.533803
3 -0.888654 -0.0786779 -0.45178 0.278619
3 0 0 0 1
3 -0.0996456 -0.926003 0.364129 0.00457507
3 -0.77235 0.302702 0.558433 0.494322
3 -0.627333 -0.22559 -0.745361 0.230173
3 0 0 0 1
3 0.0226147 -0.980271 0.196359 -0.027167
3 -0.968405 0.0273129 0.247883 0.435281
3 -0.248356 -0.195761 -0.948682 0.200705
3 0 0 0 1
3 1.66533e-16 -1 -5.32293e-16 -1.73472e-17
3 -1 -1.11022e-16 2.04359e-15 0.45
3 -2.01102e-15 5.09072e-16 -1 0.128
3 0 0 0 1
3 1.66533e-16 -1 -5.32293e-16 -1.73472e-17
3 -1 -1.11022e-16 2.04359e-15 0.45
3 -2.01102e-15 5.09072e-16 -1 0.128
3 0 0 0 1
3 -0.523886 -0.851781 0.00362503 0.108206
3 -0.850923 0.52354 0.0428512 0.452415
3 -0.0383977 0.0193645 -0.999075 0.128823
3 0 0 0 1
3 -0.891834 -0.451622 0.025882 0.217817
3 -0.448361 0.890089 0.0819381 0.430375
3 -0.0600424 0.0614706 -0.996301 0.129947
3 0 0 0 1
3 -0.95845 -0.0626557 0.278293 0.320972
3 0.032492 0.945252 0.32472 0.439104
3 -0.283403 0.320271 -0.903941 0.227095
3 0 0 0 1
3 -0.906012 0.0525888 0.419973 0.387796
3 0.337704 0.687966 0.642385 0.463133
3 -0.255145 0.723835 -0.641065 0.336769
3 0 0 0 1
3 -0.78021 0.520729 0.346573 0.441916
3 0.612544 0.748292 0.254653 0.346378
3 -0.126733 0.410974 -0.902795 0.21739
3 0 0 0 1
3 -0.377522 0.839288 0.391246 0.523882
3 0.925648 0.330383 0.184452 0.243957
3 0.0255469 0.431791 -0.901612 0.208956
3 0 0 0 1
3 0.129842 0.897157 0.422197 0.58233
3 0.975739 -0.191312 0.106457 0.123967
3 0.17628 0.398132 -0.900231 0.2003
3 0 0 0 1
3 0.589403 0.678767 0.438041 0.613457
3 0.747386 -0.663984 0.0232387 -0.00813426
3 0.306626 0.313688 -0.898655 0.191425
3 0 0 0 1
3 0.86337 0.250761 0.437847 0.614741
3 0.307416 -0.949529 -0.0623709 -0.146058
3 0.400109 0.18845 -0.896883 0.182336
3 0 0 0 1
3 0.869495 -0.258011 0.421199 0.585124
3 -0.215092 -0.965413 -0.147354 -0.282991
3 0.44465 0.0375264 -0.894918 0.173037
3 0 0 0 1
3 0.605319 -0.694884 0.388233 0.525122
3 -0.667209 -0.708927 -0.228593 -0.411941
3 0.434074 -0.120661 -0.89276 0.163534
3 0 0 0 1
3 0.148695 -0.928716 0.33967 0.436847
3 -0.917494 -0.257708 -0.302972 -0.526101
3 0.368911 -0.266594 -0.890411 0.15383
3 0 0 0 1
3 0 -1 9.37637e-16 0.3
3 -1 -5.55112e-17 -1.10405e-15 -0.5
3 1.09815e-15 -9.56047e-16 -1 0.128
3 0 0 0 1
3 0 -1 9.37637e-16 0.3
3 -1 -5.55112e-17 -1.10405e-15 -0.5
3 1.09815e-15 -9.56047e-16 -1 0.128
3 0 0 0 1
3 1 0.000203673 -0.000203549 0.10077
3 0.000203549 -1 -0.000611061 0.445145
3 -0.000203673 0.00061102 -1 0.369983
3 0 0 0 1
4 1 0.000203673 -0.000203549 0.10077
4 0.000203549 -1 -0.000611061 0.445145
4 -0.000203673 0.00061102 -1 0.369983
4 0 0 0 1
4 0.96405 -0.177536 0.197708 0.273069
4 -0.153568 -0.979455 -0.130707 0.404992
4 0.216852 0.0956467 -0.971508 0.362365
4 0 0 0 1
4 0.832867 -0.39315 0.38957 0.338891
4 -0.49107 -0.849592 0.192466 0.386315
4 0.255307 -0.351605 -0.900662 0.554314
4 0 0 0 1
4 0.736447 -0.464729 0.491602 0.394994
4 -0.433576 -0.882064 -0.184325 0.27989
4 0.519286 -0.077401 -0.851088 0.546554
4 0 0 0 1
4 0.491741 -0.475745 0.729285 0.408872
4 -0.340905 -0.875875 -0.341507 0.20871
4 0.801233 -0.0806838 -0.592888 0.618527
4 0 0 0 1
4 0.503819 -0.346357 0.79133 0.416602
4 0.19558 -0.846565 -0.495052 0.241888
4 0.841377 0.404185 -0.358775 0.580129
4 0 0 0 1
4 0.411197 -0.199104 0.889536 0.417091
4 0.692917 -0.565779 -0.446946 0.291608
4 0.59227 0.800157 -0.0946841 0.545822
4 0 0 0 1
4 0.198092 -0.110437 0.973942 0.406128
4 0.97092 -0.114176 -0.210424 0.355466
4 0.13444 0.987303 0.084608 0.502527
4 0 0 0 1
4 -0.0862087 -0.138609 0.986588 0.37845
4 0.925689 0.354967 0.130758 0.422053
4 -0.36833 0.924546 0.0977079 0.44144
4 0 0 0 1
4 -0.35154 -0.291232 0.889721 0.331501
4 0.57533 0.682523 0.450731 0.474995
4 -0.738522 0.670333 -0.0723799 0.362388
4 0 0 0 1
4 -0.511863 -0.520604 0.683351 0.267674
4 0.0493438 0.776326 0.628397 0.499605
4 -0.857649 0.355372 -0.371684 0.2746
4 0 0 0 1
4 -0.52499 -0.74893 0.404338 0.193923
4 -0.472122 0.651537 0.593802 0.489309
4 -0.708157 0.120843 -0.695637 0.193525
4 0 0 0 1
4 -0.49051 -0.823807 0.284152 0.163457
4 -0.643731 0.562321 0.519043 0.47604
4 -0.587376 0.0716781 -0.806134 0.166498
4 0 0 0 1
4 -0.165466 -0.959441 0.228243 0.0592243
4 -0.917955 0.234436 0.319997 0.49334
4 -0.360527 -0.156568 -0.919514 0.138832
4 0 0 0 1
4 1.66533e-16 -1 -5.32293e-16 -1.73472e-17
4 -1 -1.11022e-16 2.04359e-15 0.45
4 -2.01102e-15 5.09072e-16 -1 0.128
4 0 0 0 1
4 1.66533e-16 -1 -5.32293e-16 -1.73472e-17
4 -1 -1.11022e-16 2.04359e-15 0.45
4 -2.01102e-15 5.09072e-16 -1 0.128
4 0 0 0 1
4 -0.102109 -0.967873 0.229772 -0.0355072
4 -0.98371 0.132595 0.121382 0.498983
4 -0.147949 -0.213635 -0.965646 0.135126
4 0 0 0 1
4 -0.600424 -0.762599 0.240693 0.101028
4 -0.759009 0.638227 0.128731 0.51147
4 -0.251787 -0.105395 -0.962027 0.130015
4 0 0 0 1
4 -0.90609 -0.324442 0.27155 0.242344
4 -0.298364 0.945059 0.133574 0.488536
4 -0.299968 0.0400093 -0.95311 0.125617
4 0 0 0 1
4 -0.848074 -0.0893906 0.522283 0.313814
4 0.192692 0.866155 0.461135 0.511715
4 -0.493599 0.491716 -0.717339 0.248495
4 0 0 0 1
4 -0.661921 0.0297591 0.748982 0.375426
4 0.670041 0.47141 0.573426 0.490043
4 -0.336013 0.881412 -0.331976 0.40255
4 0 0 0 1
4 -0.452621 -0.0149748 0.891577 0.412919
4 0.885437 -0.125872 0.44739 0.414376
4 0.105525 0.991933 0.0702317 0.567697
4 0 0 0 1
4 -0.352809 -0.15589 0.922618 0.416361
4 0.751715 -0.634372 0.180269 0.303774
4 0.557181 0.757146 0.340997 0.706123
4 0 0 0 1
4 -0.271142 -0.202681 0.940958 0.465011
4 0.932434 -0.297889 0.204521 0.403116
4 0.238849 0.932836 0.269757 0.639829
4 0 0 0 1
4 -0.387476 -0.0216083 0.921627 0.55911
4 0.913269 -0.145317 0.380555 0.451385
4 0.125705 0.989149 0.0760413 0.479381
4 0 0 0 1
4 -0.218286 0.334104 0.916911 0.618823
4 0.953622 0.272576 0.127704 0.348973
4 -0.207261 0.902262 -0.378108 0.290726
4 0 0 0 1
4 -0.250169 0.573909 0.779772 0.590225
4 0.956378 0.27196 0.106667 0.309878
4 -0.15085 0.772442 -0.61691 0.289305
4 0 0 0 1
4 -0.30469 0.849416 0.430879 0.579863
4 0.948376 0.312372 0.0548335 0.233724
4 -0.0880179 0.425342 -0.900742 0.117384
4 0 0 0 1
4 -0.206781 0.972637 0.105923 0.486751
4 0.971501 0.216941 -0.0955141 0.190376
4 -0.11588 0.0831541 -0.989776 0.130767
4 0 0 0 1
4 0.340119 0.938021 0.0665948 0.52816
4 0.93775 -0.333021 -0.0986015 0.0685063
4 -0.0703129 0.0959856 -0.992896 0.130119
4 0 0 0 1
4 0.786155 0.617161 0.0327533 0.539954
4 0.61732 -0.781609 -0.0894632 -0.0599648
4 -0.0296129 0.0905512 -0.995451 0.129546
4 0 0 0 1
4 0.994206 0.107217 0.00769492 0.521339
4 0.107493 -0.991661 -0.0710861 -0.187932
4 9.09014e-06 0.0715014 -0.99744 0.129047
4 0 0 0 1
4 0.89975 -0.436357 -0.00643557 0.473202
4 -0.436153 -0.898631 -0.0472546 -0.308283
4 0.0148367 0.0453242 -0.998862 0.128623
4 0 0 0 1
4 0.5309 -0.847389 -0.00881631 0.398075
4 -0.847317 -0.530624 -0.0221632 -0.414293
4 0.0141027 0.0192366 -0.999715 0.128274
4 0 0 0 1
4 0 -1 9.37637e-16 0.3
4 -1 -5.55112e-17 -1.10405e-15 -0.5
4 1.09815e-15 -9.56047e-16 -1 0.128
4 0 0 0 1
4 0 -1 9.37637e-16 0.3
4 -1 -5.55112e-17 -1.10405e-15 -0.5
4 1.09815e-15 -9.56047e-16 -1 0.128
4 0 0 0 1
4 1 0.000203673 -0.000203549 0.10077
4 0.000203549 -1 -0.000611061 0.445145
4 -0.000203673 0.00061102 -1 0.369983
4 0 0 0 1
5 1 0.000203673 -0.000203549 0.10077
5 0.000203549 -1 -0.000611061 0.445145
5 -0.000203673 0.00061102 -1 0.369983
5 0 0 0 1
5 0.94792 0.229899 0.220441 0.0702512
5 0.235884 -0.971781 -0.000853492 0.483208
5 0.214024 0.0528077 -0.9754 0.425892
5 0 0 0 1
5 0.950852 -0.170372 0.258561 0.149113
5 -0.136812 -0.980252 -0.142787 0.40077
5 0.277782 0.100395 -0.955384 0.466527
5 0 0 0 1
5 0.880908 -0.10414 0.461688 0.15654
5 -0.048606 -0.99024 -0.130621 0.423268
5 0.470784 0.0926242 -0.877373 0.538172
5 0 0 0 1
5 0.914335 0.0388986 0.403087 0.180713
5 0.244271 -0.84688 -0.472363 0.346837
5 0.322992 0.53036 -0.783833 0.497786
5 0 0 0 1
5 0.885366 0.209269 0.415131 0.250068
5 0.457214 -0.553607 -0.696042 0.295982
5 0.0841589 0.806056 -0.585825 0.457195
5 0 0 0 1
5 0.856521 0.170944 0.48698 0.358462
5 0.511136 -0.411665 -0.754501 0.25549
5 0.0714948 0.895159 -0.439975 0.491562
5 0 0 0 1
5 0.621665 0.116822 0.774522 0.328406
5 0.735739 -0.426346 -0.52623 0.235249
5 0.268739 0.896985 -0.350995 0.631407
5 0 0 0 1
5 0.372019 0.133986 0.918504 0.349603
5 0.917 0.100376 -0.386052 0.29834
5 -0.143921 0.985887 -0.0855236 0.592942
5 0 0 0 1
5 0.0892338 0.0308901 0.995532 0.354778
5 0.804484 0.587066 -0.0903253 0.370283
5 -0.587233 0.808949 0.0275355 0.533697
5 0 0 0 1
5 -0.160553 -0.187302 0.969093 0.340118
5 0.427688 0.871668 0.239329 0.434548
5 -0.889553 0.452895 -0.0598423 0.449348
5 0 0 0 1
5 -0.314829 -0.471583 0.823706 0.304871
5 -0.0811552 0.878034 0.471668 0.473792
5 -0.945672 0.0816468 -0.314702 0.346928
5 0 0 0 1
5 -0.341812 -0.745432 0.572272 0.252328
5 -0.55495 0.651544 0.517225 0.477364
5 -0.758416 -0.140789 -0.636383 0.242717
5 0 0 0 1
5 -0.314438 -0.843351 0.435761 0.225111
5 -0.718747 0.511377 0.471059 0.4673
5 -0.620106 -0.165083 -0.766952 0.201007
5 0 0 0 1
5 -0.167037 -0.963799 0.207825 0.0511467
5 -0.916724 0.229409 0.327092 0.491852
5 -0.362928 -0.135881 -0.921857 0.13695
5 0 0 0 1
5 1.66533e-16 -1 -5.32293e-16 -1.73472e-17
5 -1 -1.11022e-16 2.04359e-15 0.45
5 -2.01102e-15 5.09072e-16 -1 0.128
5 0 0 0 1
5 1.66533e-16 -1 -5.32293e-16 -1.73472e-17
5 -1 -1.11022e-16 2.04359e-15 0.45
5 -2.01102e-15 5.09072e-16 -1 0.128
5 0 0 0 1
5 -0.366384 -0.89566 0.252102 0.156862
5 -0.899852 0.410003 0.148877 0.465769
5 -0.236706 -0.172308 -0.95618 0.131245
5 0 0 0 1
5 -0.242819 -0.90064 0.360398 0.102107
5 -0.645279 0.427363 0.633227 0.538135
5 -0.72433 -0.0787981 -0.684936 0.301061
5 0 0 0 1
5 -0.324118 -0.7338 0.597063 0.219658
5 -0.189509 0.668704 0.718972 0.542833
5 -0.926841 0.119883 -0.3558 0.374264
5 0 0 0 1
5 -0.487115 -0.617426 0.61766 0.262201
5 -0.127269 0.749876 0.649222 0.521845
5 -0.864015 0.237637 -0.443855 0.341056
5 0 0 0 1
5 -0.717505 -0.30464 0.626403 0.332248
5 0.0704854 0.862919 0.500403 0.470486
5 -0.692978 0.403194 -0.597676 0.283263
5 0 0 0 1
5 -0.801628 0.104276 0.588659 0.389829
5 0.35844 0.871885 0.333672 0.404638
5 -0.478449 0.47848 -0.736304 0.22968
5 0 0 0 1
5 -0.688258 0.527597 0.497938 0.432003
5 0.672899 0.720781 0.166379 0.328443
5 -0.271123 0.449573 -0.851103 0.181523
5 0 0 0 1
5 -0.632241 0.751925 0.186763 0.470233
5 0.758258 0.650023 -0.050148 0.210104
5 -0.159107 0.109909 -0.981124 0.129252
5 0 0 0 1
5 -0.147742 0.977963 0.147515 0.513655
5 0.984132 0.160187 -0.0763216 0.106068
5 -0.0982696 0.133899 -0.986111 0.128866
5 0 0 0 1
5 0.385139 0.916672 0.106684 0.534618
5 0.92195 -0.377051 -0.0885514 -0.00514951
5 -0.0409474 0.132461 -0.990342 0.128549
5 0 0 0 1
5 0.808602 0.584376 0.0683171 0.532028
5 0.588344 -0.803854 -0.0875784 -0.118734
5 0.00373824 0.11101 -0.993812 0.128299
5 0 0 0 1
5 0.996306 0.077952 0.0360285 0.505813
5 0.0804847 -0.993914 -0.0752119 -0.229729
5 0.0299463 0.0778338 -0.996516 0.128119
5 0 0 0 1
5 0.891212 -0.453409 0.0127274 0.456937
5 -0.452166 -0.890288 -0.0541655 -0.333251
5 0.0358902 0.042518 -0.998451 0.128009
5 0 0 0 1
5 0.523053 -0.8523 0.000407516 0.38737
5 -0.851964 -0.52286 -0.0278304 -0.424707
5 0.023933 0.0142096 -0.999613 0.127969
5 0 0 0 1
5 0 -1 9.37637e-16 0.3
5 -1 -5.55112e-17 -1.10405e-15 -0.5
5 1.09815e-15 -9.56047e-16 -1 0.128
5 0 0 0 1
5 0 -1 9.37637e-16 0.3
5 -1 -5.55112e-17 -1.10405e-15 -0.5
5 1.09815e-15 -9.56047e-16 -1 0.128
5 0 0 0 1
5 1 0.000203673 -0.000203549 0.10077
5 0.000203549 -1 -0.000611061 0.445145
5 -0.000203673 0.00061102 -1 0.369983
5 0 0 0 1
6 1 0.000203673 -0.000203549 0.10077
6 0.000203549 -1 -0.000611061 0.445145
6 -0.000203673 0.00061102 -1 0.369983
6 0 0 0 1
6 0.901952 -0.396187 0.17181 0.245729
6 -0.398517 -0.916892 -0.0222204 0.349308
6 0.166335 -0.0484276 -0.984879 0.439046
6 0 0 0 1
6 0.941862 -0.268672 0.201771 0.279541
6 -0.298109 -0.945232 0.13292 0.30372
6 0.155008 -0.185342 -0.970371 0.561356
6 0 0 0 1
6 0.933781 -0.130077 0.333366 0.298836
6 -0.0692289 -0.97966 -0.188342 0.290909
6 0.351085 0.152792 -0.923793 0.523712
6 0 0 0 1
6 0.863238 0.0333794 0.503692 0.318218
6 0.301251 -0.834716 -0.460974 0.281767
6 0.405053 0.549668 -0.730614 0.501914
6 0 0 0 1
6 0.707914 0.160867 0.687735 0.334796
6 0.662663 -0.488222 -0.567906 0.289064
6 0.24441 0.857765 -0.45222 0.494553
6 0 0 0 1
6 0.474544 0.202565 0.856607 0.34548
6 0.875678 -0.0097717 -0.482797 0.317505
6 -0.0894274 0.97922 -0.182019 0.489507
6 0 0 0 1
6 0.202794 0.124852 0.971229 0.345589
6 0.849708 0.470528 -0.237907 0.363472
6 -0.486694 0.873507 -0.0106674 0.47464
6 0 0 0 1
6 -0.0460435 -0.0715472 0.996374 0.330857
6 0.579626 0.810439 0.0849808 0.416273
6 -0.813581 0.581437 0.00415513 0.442298
6 0 0 0 1
6 -0.21198 -0.346778 0.913679 0.299324
6 0.145808 0.913239 0.38044 0.461922
6 -0.966336 0.213868 -0.143025 0.39218
6 0 0 0 1
6 -0.259567 -0.633979 0.728489 0.252314
6 -0.322273 0.767966 0.553506 0.488151
6 -0.910365 -0.0911009 -0.403653 0.331575
6 0 0 0 1
6 -0.190289 -0.86297 0.468053 0.194131
6 -0.701179 0.453162 0.550447 0.488897
6 -0.687123 -0.223445 -0.691328 0.272904
6 0 0 0 1
6 -0.183353 -0.956523 0.226815 0.0587857
6 -0.912348 0.251492 0.323067 0.49101
6 -0.366063 -0.147699 -0.918794 0.14739
6 0 0 0 1
6 1.66533e-16 -1 -5.32293e-16 -1.73472e-17
6 -1 -1.11022e-16 2.04359e-15 0.45
6 -2.01102e-15 5.09072e-16 -1 0.128
6 0 0 0 1
6 1.66533e-16 -1 -5.32293e-16 -1.73472e-17
6 -1 -1.11022e-16 2.04359e-15 0.45
6 -2.01102e-15 5.09072e-16 -1 0.128
6 0 0 0 1
6 -0.524601 -0.851344 -0.00254101 0.104364
6 -0.851226 0.524473 0.018493 0.44169
6 -0.0144112 0.0118644 -0.999826 0.132467
6 0 0 0 1
6 -0.893166 -0.449717 0.00294951 0.20555
6 -0.44931 0.892601 0.0372102 0.411148
6 -0.0193668 0.0319096 -0.999303 0.137031
6 0 0 0 1
6 -0.996233 0.0851792 0.0162595 0.298819
6 0.085936 0.99486 0.0535602 0.359356
6 -0.0116137 0.0547557 -0.998432 0.14169
6 0 0 0 1
6 -0.948223 0.165816 0.270884 0.292708
6 0.25596 0.903916 0.342667 0.464589
6 -0.188037 0.39426 -0.899556 0.21657
6 0 0 0 1
6 -0.868937 0.303767 0.390735 0.352903
6 0.465343 0.770294 0.436008 0.463507
6 -0.168536 0.560689 -0.810693 0.247358
6 0 0 0 1
6 -0.596973 0.44136 0.669944 0.484043
6 0.80206 0.309625 0.510717 0.42724
6 0.0179791 0.842219 -0.538835 0.333234
6 0 0 0 1
6 -0.321218 0.313514 0.893604 0.596567
6 0.885413 -0.23532 0.400834 0.341879
6 0.335951 0.919964 -0.202001 0.439302
6 0 0 0 1
6 -0.204567 -0.00767255 0.978822 0.669124
6 0.728072 -0.669573 0.146914 0.214006
6 0.654266 0.742707 0.142559 0.556916
6 0 0 0 1
6 -0.3232 -0.342205 0.882291 0.685614
6 0.458956 -0.872024 -0.170098 0.0604244
6 0.827588 0.349957 0.438895 0.6759
6 0 0 0 1
6 -0.611623 -0.498551 0.6143 0.639655
6 0.238444 -0.856522 -0.457727 -0.0956612
6 0.754362 -0.13348 0.642745 0.786174
6 0 0 0 1
6 -0.893087 -0.384667 0.233296 0.536274
6 0.15498 -0.749887 -0.643157 -0.230192
6 0.422347 -0.538239 0.72933 0.879232
6 0 0 0 1
6 -0.791112 -0.563673 0.237518 0.513636
6 0.211205 -0.616156 -0.758779 -0.377815
6 0.574051 -0.550114 0.606498 0.807597
6 0 0 0 1
6 -0.72778 -0.685592 0.01734 0.366317
6 0.353225 -0.396393 -0.847411 -0.509186
6 0.587851 -0.610603 0.530655 0.780459
6 0 0 0 1
6 -0.712557 -0.686063 0.146901 0.284885
6 0.245611 -0.440041 -0.863736 -0.466626
6 0.65722 -0.57938 0.482059 0.815119
6 0 0 0 1
6 -0.56368 -0.694641 0.446921 0.336988
6 0.0237441 -0.554474 -0.831862 -0.480147
6 0.825652 -0.458293 0.32904 0.710944
6 0 0 0 1
6 -0.126713 -0.667482 0.733766 0.45903
6 -0.235304 -0.698388 -0.675934 -0.474945
6 0.963627 -0.258307 -0.0685665 0.560964
6 0 0 0 1
6 0.185891 -0.698964 0.690575 0.502607
6 -0.538548 -0.66033 -0.523383 -0.390174
6 0.821834 -0.274616 -0.499175 0.419143
6 0 0 0 1
6 0.409792 -0.728594 0.548836 0.508421
6 -0.76364 -0.603108 -0.230465 -0.294982
6 0.498923 -0.32467 -0.803533 0.284012
6 0 0 0 1
6 0.422112 -0.887729 0.183737 0.402507
6 -0.895463 -0.439891 -0.0681333 -0.384209
6 0.141308 -0.13577 -0.980611 0.179945
6 0 0 0 1
6 0 -1 9.37637e-16 0.3
6 -1 -5.55112e-17 -1.10405e-15 -0.5
6 1.09815e-15 -9.56047e-16 -1 0.128
6 0 0 0 1
6 0 -1 9.37637e-16 0.3
6 -1 -5.55112e-17 -1.10405e-15 -0.5
6 1.09815e-15 -9.56047e-16 -1 0.128
6 0 0 0 1
6 1 0.000203673 -0.000203549 0.10077
6 0.000203549 -1 -0.000611061 0.445145
6 -0.000203673 0.00061102 -1 0.369983
6 0 0 0 1
7 1 0.000203673 -0.000203549 0.10077
7 0.000203549 -1 -0.000611061 0.445145
7 -0.000203673 0.00061102 -1 0.369983
7 0 0 0 1
7 0.999383 -0.0140872 0.0321687 0.213568
7 -0.0231026 -0.953622 0.30012 0.426424
7 0.0264489 -0.300678 -0.953359 0.497859
7 0 0 0 1
7 0.929551 -0.308071 0.202549 0.303052
7 -0.36575 -0.701254 0.61194 0.374885
7 -0.046483 -0.642912 -0.764529 0.641669
7 0 0 0 1
7 0.926284 -0.297223 0.231638 0.303352
7 -0.376677 -0.747568 0.547043 0.375005
7 0.0105713 -0.59397 -0.804418 0.627762
7 0 0 0 1
7 0.899836 -0.218717 0.377438 0.301633
7 -0.317986 -0.921183 0.224294 0.367124
7 0.298632 -0.321847 -0.898462 0.575314
7 0 0 0 1
7 0.825709 -0.109321 0.553402 0.297379
7 -0.0837806 -0.993927 -0.0713378 0.354652
7 0.55784 0.0125399 -0.829853 0.545154
7 0 0 0 1
7 0.665015 -0.00398494 0.74682 0.290601
7 0.27049 -0.930808 -0.245827 0.350602
7 0.696126 0.365486 -0.617923 0.536188
7 0 0 0 1
7 0.784446 0.26432 0.561052 0.291391
7 0.571627 -0.659081 -0.488728 0.376985
7 0.240599 0.704093 -0.668106 0.399954
7 0 0 0 1
7 0.591969 0.299939 0.748071 0.314012
7 0.80592 -0.229684 -0.545654 0.378356
7 0.00815708 0.925895 -0.377693 0.392638
7 0 0 0 1
7 0.35815 0.253676 0.898542 0.329365
7 0.868497 0.262722 -0.420345 0.399836
7 -0.342698 0.930928 -0.126223 0.38436
7 0 0 0 1
7 0.116714 0.113987 0.986603 0.334167
7 0.709361 0.685706 -0.16314 0.435729
7 -0.695115 0.718898 -0.000826752 0.363373
7 0 0 0 1
7 -0.0907897 -0.108058 0.98999 0.325614
7 0.358127 0.92405 0.133704 0.474279
7 -0.929248 0.366682 -0.0451955 0.323872
7 0 0 0 1
7 -0.227244 -0.37811 0.897437 0.30246
7 -0.0904025 0.925758 0.367151 0.50223
7 -0.969633 0.00230217 -0.244555 0.268243
7 0 0 0 1
7 -0.271945 -0.64624 0.713036 0.265653
7 -0.517012 0.723055 0.458138 0.509914
7 -0.811631 -0.24406 -0.530745 0.206272
7 0 0 0 1
7 -0.227251 -0.860426 0.456096 0.218296
7 -0.825826 0.418483 0.377999 0.495073
7 -0.516109 -0.290755 -0.805663 0.15162
7 0 0 0 1
7 -0.117388 -0.980638 0.156744 0.164979
7 -0.977231 0.142158 0.157516 0.46404
7 -0.176748 -0.134685 -0.974997 0.116776
7 0 0 0 1
7 1.66533e-16 -1 -5.32293e-16 -1.73472e-17
7 -1 -1.11022e-16 2.04359e-15 0.45
7 -2.01102e-15 5.09072e-16 -1 0.128
7 0 0 0 1
7 1.66533e-16 -1 -5.32293e-16 -1.73472e-17
7 -1 -1.11022e-16 2.04359e-15 0.45
7 -2.01102e-15 5.09072e-16 -1 0.128
7 0 0 0 1
7 0.0860202 -0.964305 0.250434 0.0334419
7 -0.932433 0.0106241 0.361185 0.48146
7 -0.350953 -0.264582 -0.898236 0.202902
7 0 0 0 1
7 -0.0371707 -0.957629 0.285597 0.0756474
7 -0.893662 0.15975 0.419343 0.495206
7 -0.447199 -0.23964 -0.861734 0.215056
7 0 0 0 1
7 -0.382129 -0.786209 0.485646 0.239864
7 -0.570154 0.614164 0.545643 0.508774
7 -0.727256 -0.0683865 -0.682951 0.269248
7 0 0 0 1
7 -0.483999 -0.468879 0.738849 0.411979
7 -0.0597386 0.860067 0.506672 0.458136
7 -0.873027 0.201091 -0.444281 0.339782
7 0 0 0 1
7 -0.297004 -0.169457 0.93972 0.562723
7 0.443453 0.847085 0.292909 0.339825
7 -0.845658 0.503717 -0.176441 0.422901
7 0 0 0 1
7 0.0891131 -0.0395159 0.995237 0.662591
7 0.760349 0.648132 -0.0423472 0.165315
7 -0.643372 0.760502 0.087803 0.513728
7 0 0 0 1
7 0.175926 0.313319 0.93321 0.728673
7 0.766293 0.551494 -0.32962 -0.0131474
7 -0.617936 0.773101 -0.143072 0.335671
7 0 0 0 1
7 0.46619 0.151011 0.871701 0.712894
7 0.845832 0.212712 -0.489205 -0.151658
7 -0.259296 0.965375 -0.0285661 0.375424
7 0 0 0 1
7 0.187869 -0.189333 0.963773 0.73433
7 0.973588 -0.0937152 -0.208193 -0.0515141
7 0.129738 0.97743 0.166727 0.462126
7 0 0 0 1
7 -0.13769 0.256484 0.956691 0.690621
7 0.988442 0.0974373 0.116137 0.116948
7 -0.0634301 0.961625 -0.266935 0.307171
7 0 0 0 1
7 -0.36888 0.55305 0.747036 0.589137
7 0.927744 0.170022 0.33224 0.25479
7 0.0567322 0.815615 -0.575807 0.218911
7 0 0 0 1
7 -0.492365 0.71666 0.493938 0.495717
7 0.870058 0.389599 0.302013 0.359197
7 0.0240026 0.578455 -0.815361 0.155308
7 0 0 0 1
7 -0.317254 0.922355 0.220479 0.470502
7 0.94727 0.297169 0.119876 0.281547
7 0.0450487 0.246884 -0.967997 0.159576
7 0 0 0 1
7 0.210882 0.938745 0.272556 0.547465
7 0.96245 -0.248157 0.110041 0.166017
7 0.170937 0.239115 -0.955827 0.170728
7 0 0 0 1
7 0.660855 0.673699 0.330758 0.595649
7 0.692063 -0.717529 0.0787446 0.0314669
7 0.290379 0.176867 -0.940425 0.182606
7 0 0 0 1
7 0.896993 0.213922 0.386835 0.610228
7 0.222488 -0.974662 0.0230894 -0.114677
7 0.381973 0.0653552 -0.92186 0.195181
7 0 0 0 1
7 0.851694 -0.297049 0.431716 0.588361
7 -0.302979 -0.951301 -0.0568373 -0.263741
7 0.427576 -0.0823929 -0.900217 0.208422
7 0 0 0 1
7 0.543671 -0.704273 0.456532 0.529523
7 -0.729543 -0.665479 -0.157815 -0.406355
7 0.414957 -0.247261 -0.875598 0.222293
7 0 0 0 1
7 0.0691321 -0.888499 0.453642 0.435666
7 -0.938006 -0.212715 -0.273675 -0.53309
7 0.339656 -0.406599 -0.848122 0.236758
7 0 0 0 1
7 0 -1 9.37637e-16 0.3
7 -1 -5.55112e-17 -1.10405e-15 -0.5
7 1.09815e-15 -9.56047e-16 -1 0.128
7 0 0 0 1
7 0 -1 9.37637e-16 0.3
7 -1 -5.55112e-17 -1.10405e-15 -0.5
7 1.09815e-15 -9.56047e-16 -1 0.128
7 0 0 0 1
7 1 0.000203673 -0.000203549 0.10077
7 0.000203549 -1 -0.000611061 0.445145
7 -0.000203673 0.00061102 -1 0.369983
7 0 0 0 1
8 1 0.000203673 -0.000203549 0.10077
8 0.000203549 -1 -0.000611061 0.445145
8 -0.000203673 0.00061102 -1 0.369983
8 0 0 0 1
8 0.976077 0.166846 0.139414 0.100463
8 0.159497 -0.985224 0.0623969 0.463971
8 0.147765 -0.038668 -0.988266 0.473601
8 0 0 0 1
8 0.93188 0.270534 0.241683 0.0482269
8 0.28981 -0.955909 -0.0474266 0.521454
8 0.218196 0.114238 -0.969196 0.478338
8 0 0 0 1
8 0.751994 0.343502 0.562593 0.0855946
8 0.539904 -0.810615 -0.22673 0.504719
8 0.378165 0.474246 -0.795036 0.448677
8 0 0 0 1
8 0.476607 0.328233 0.815542 0.113981
8 0.811955 -0.519981 -0.265234 0.499956
8 0.337008 0.788596 -0.514337 0.437778
8 0 0 0 1
8 0.161748 0.209 0.964446 0.128087
8 0.982155 -0.12913 -0.136735 0.512462
8 0.0959619 0.969353 -0.226157 0.43262
8 0 0 0 1
8 -0.127359 -0.00213921 0.991854 0.125267
8 0.955283 0.268784 0.123243 0.538581
8 -0.266858 0.963198 -0.0321885 0.419325
8 0 0 0 1
8 -0.334826 -0.267993 0.903367 0.106198
8 0.704144 0.56591 0.428868 0.567295
8 -0.626158 0.779696 -0.000775666 0.388557
8 0 0 0 1
8 -0.429546 -0.538005 0.725286 0.0745366
8 0.280676 0.683838 0.673488 0.58456
8 -0.858319 0.492865 -0.142735 0.339151
8 0 0 0 1
8 -0.411596 -0.764569 0.496007 0.0356294
8 -0.205643 0.608124 0.766744 0.578814
8 -0.887863 0.213588 -0.407529 0.278674
8 0 0 0 1
8 -0.307603 -0.916965 0.254079 -0.00525712
8 -0.631633 0.396485 0.666213 0.545637
8 -0.711632 0.0444444 -0.701145 0.220705
8 0 0 0 1
8 -0.158057 -0.987054 0.0272616 -0.044544
8 -0.906439 0.155988 0.392474 0.489891
8 -0.391645 0.0373223 -0.919359 0.179795
8 0 0 0 1
8 -0.151463 -0.988292 0.018374 -0.0461195
8 -0.913918 0.147098 0.378306 0.487252
8 -0.37658 0.0405069 -0.925498 0.178637
8 0 0 0 1
8 1.66533e-16 -1 -5.32293e-16 -1.73472e-17
8 -1 -1.11022e-16 2.04359e-15 0.45
8 -2.01102e-15 5.09072e-16 -1 0.128
8 0 0 0 1
8 1.66533e-16 -1 -5.32293e-16 -1.73472e-17
8 -1 -1.11022e-16 2.04359e-15 0.45
8 -2.01102e-15 5.09072e-16 -1 0.128
8 0 0 0 1
8 -0.521975 -0.852828 0.0150502 0.105233
8 -0.852428 0.522191 0.0261443 0.448654
8 -0.0301557 0.00081752 -0.999545 0.128604
8 0 0 0 1
8 -0.889729 -0.454696 0.0404085 0.210143
8 -0.453 0.890386 0.0447589 0.424405
8 -0.0563309 0.0215183 -0.99818 0.129344
8 0 0 0 1
8 -0.919714 -0.262803 0.291653 0.297068
8 -0.14842 0.920514 0.361422 0.490984
8 -0.363453 0.289117 -0.885614 0.249691
8 0 0 0 1
8 -0.919245 0.0811283 0.385236 0.373083
8 0.240899 0.889868 0.38743 0.439677
8 -0.311378 0.448946 -0.837551 0.240366
8 0 0 0 1
8 -0.741707 0.433453 0.511848 0.452877
8 0.648934 0.656689 0.384245 0.361618
8 -0.169573 0.617153 -0.768354 0.230602
8 0 0 0 1
8 -0.370815 0.677623 0.635078 0.548928
8 0.926662 0.224614 0.301407 0.266365
8 0.0615927 0.700269 -0.711217 0.249326
8 0 0 0 1
8 0.0555814 0.670591 0.739742 0.623562
8 0.94455 -0.275458 0.178738 0.14714
8 0.323628 0.688789 -0.648718 0.269397
8 0 0 0 1
8 0.392775 0.429161 0.813357 0.670624
8 0.716359 -0.697384 0.0220355 0.00918818
8 0.576679 0.574 -0.581348 0.290733
8 0 0 0 1
8 0.532073 0.0442204 0.845543 0.685342
8 0.330212 -0.930396 -0.159133 -0.140637
8 0.779653 0.363879 -0.509641 0.313246
8 0 0 0 1
8 0.433717 -0.352757 0.829127 0.664752
8 -0.0847719 -0.932073 -0.352212 -0.294264
8 0.897053 0.0824734 -0.434159 0.336836
8 0 0 0 1
8 0.135233 -0.634557 0.760953 0.608009
8 -0.40321 -0.736783 -0.542745 -0.442902
8 0.90506 -0.233427 -0.355497 0.361395
8 0 0 0 1
8 0.150238 -0.820738 0.551197 0.522254
8 -0.712649 -0.47633 -0.515016 -0.516563
8 0.685245 -0.315435 -0.65646 0.275912
8 0 0 0 1
8 0.316925 -0.934126 0.16422 0.450048
8 -0.895624 -0.351731 -0.272292 -0.443228
8 0.312116 -0.0607831 -0.948098 0.141544
8 0 0 0 1
8 0 -1 9.37637e-16 0.3
8 -1 -5.55112e-17 -1.10405e-15 -0.5
8 1.09815e-15 -9.56047e-16 -1 0.128
8 0 0 0 1
8 0 -1 9.37637e-16 0.3
8 -1 -5.55112e-17 -1.10405e-15 -0.5
8 1.09815e-15 -9.56047e-16 -1 0.128
8 0 0 0 1
8 1 0.000203673 -0.000203549 0.10077
8 0.000203549 -1 -0.000611061 0.445145
8 -0.000203673 0.00061102 -1 0.369983
8 0 0 0 1
9 1 0.000203673 -0.000203549 0.10077
9 0.000203549 -1 -0.000611061 0.445145
9 -0.000203673 0.00061102 -1 0.369983
9 0 0 0 1
9 0.950765 -0.042362 0.307005 0.140208
9 -0.0646742 -0.995924 0.0628677 0.416063
9 0.30309 -0.0796276 -0.949629 0.471021
9 0 0 0 1
9 0.871614 -0.0680483 0.485446 0.232285
9 -0.00618304 -0.991765 -0.127921 0.408402
9 0.490154 0.108496 -0.864857 0.496031
9 0 0 0 1
9 0.80827 -0.0979505 0.580607 0.301441
9 0.0864131 -0.955657 -0.281519 0.392402
9 0.582436 0.277716 -0.763965 0.517085
9 0 0 0 1
9 0.721244 0.116415 0.682829 0.198039
9 0.420527 -0.856912 -0.298091 0.399337
9 0.550422 0.502144 -0.666998 0.4382
9 0 0 0 1
9 0.496328 0.147666 0.855484 0.224843
9 0.757622 -0.554817 -0.343784 0.404589
9 0.423872 0.818763 -0.387246 0.435218
9 0 0 0 1
9 0.244103 0.109492 0.963548 0.241836
9 0.964343 -0.132179 -0.229284 0.426725
9 0.102256 0.98516 -0.137853 0.431917
9 0 0 0 1
9 -0.00248677 0.00184884 0.999995 0.247888
9 0.95003 0.312155 0.00178539 0.461087
9 -0.31215 0.950029 -0.0025327 0.417188
9 0 0 0 1
9 -0.213011 -0.163388 0.963292 0.242715
