1 0.000203549 -0.000203673 0.108884
0.000203673 -1 0.00061102 0.485489
-0.000203549 -0.000611061 -1 0.331983
0 0 0 1
0.99988 -0.0155057 -0.000216373 0.107796
-0.0155058 -0.99988 -0.000614161 0.485374
-0.000206824 0.000617442 -1 0.331163
0 0 0 1
0.999513 -0.0312114 -0.000171482 0.106707
-0.0312113 -0.999513 0.000623314 0.485259
-0.000190853 -0.000617658 -1 0.330344
0 0 0 1
0.998899 -0.0469091 -0.00024216 0.105618
-0.0469092 -0.998899 -0.000619755 0.485144
-0.000212821 0.000630432 -1 0.329524
0 0 0 1
0.998039 -0.0625955 -0.000138921 0.104529
-0.0625954 -0.998039 0.000634592 0.485029
-0.000178371 -0.000624652 -1 0.328704
0 0 0 1
0.996932 -0.0782662 -0.00026811 0.10344
-0.0782663 -0.996932 -0.000624536 0.484914
-0.000218408 0.000643604 -1 0.327884
0 0 0 1
0.99558 -0.0939178 -0.000106022 0.102351
-0.0939177 -0.99558 0.000644841 0.484799
-0.000166115 -0.000632033 -1 0.327064
0 0 0 1
0.993982 -0.109546 -0.000294198 0.101263
-0.109546 -0.993982 -0.000628499 0.484684
-0.000223577 0.000656945 -1 0.326244
0 0 0 1
0.992138 -0.125147 -7.28164e-05 0.100174
-0.125147 -0.992138 0.000654051 0.48457
-0.000154097 -0.000639796 -1 0.325425
0 0 0 1
0.99005 -0.140718 -0.000320397 0.0990848
-0.140718 -0.99005 -0.000631641 0.484455
-0.000228325 0.000670441 -1 0.324605
0 0 0 1
0.987717 -0.156253 -3.93383e-05 0.097996
-0.156253 -0.987717 0.000662214 0.48434
-0.000142328 -0.000647933 -1 0.323785
0 0 0 1
0.98514 -0.17175 -0.000346681 0.0969071
-0.171751 -0.98514 -0.000633958 0.484225
-0.000232647 0.000684081 -1 0.322965
0 0 0 1
0.982321 -0.187205 -5.62022e-06 0.0958183
-0.187205 -0.982321 0.000669321 0.48411
-0.000130821 -0.000656436 -1 0.322145
0 0 0 1
0.979259 -0.202614 -0.000373026 0.0947294
-0.202614 -0.979259 -0.000635449 0.483995
-0.000236538 0.000697849 -1 0.321325
0 0 0 1
0.975955 -0.217972 2.83045e-05 0.0936406
-0.217972 -0.975955 0.000675365 0.48388
-0.000119587 -0.000665295 -1 0.320506
0 0 0 1
0.97241 -0.233277 -0.000399404 0.0925518
-0.233277 -0.97241 -0.000636111 0.483765
-0.000239995 0.000711732 -1 0.319686
0 0 0 1
0.968626 -0.248524 6.24023e-05 0.0914629
-0.248524 -0.968625 0.00068034 0.48365
-0.000108637 -0.000674504 -1 0.318866
0 0 0 1
0.964602 -0.26371 -0.000425791 0.0903741
-0.26371 -0.964602 -0.000635944 0.483536
-0.000243014 0.000725718 -1 0.318046
0 0 0 1
0.96034 -0.278831 9.66396e-05 0.0892852
-0.278831 -0.96034 0.000684242 0.483421
-9.79809e-05 -0.000684051 -1 0.317226
0 0 0 1
0.955841 -0.293883 -0.000452159 0.0881964
-0.293883 -0.955841 -0.000634948 0.483306
-0.000245592 0.000739791 -1 0.316406
0 0 0 1
0.951107 -0.308862 0.000130983 0.0871075
-0.308862 -0.951107 0.000687067 0.483191
-8.76304e-05 -0.000693929 -1 0.315587
0 0 0 1
0.946137 -0.323765 -0.000478482 0.0860187
-0.323765 -0.946137 -0.000633124 0.483076
-0.000247726 0.000753938 -1 0.314767
0 0 0 1
0.940935 -0.338588 0.000165397 0.0849298
-0.338588 -0.940934 0.000688811 0.482961
-7.75953e-05 -0.000704127 -1 0.313947
0 0 0 1
0.935499 -0.353328 -0.000504736 0.083841
-0.353328 -0.935499 -0.000630474 0.482846
-0.000249415 0.000768146 -1 0.313127
0 0 0 1
0.929833 -0.367981 0.00019985 0.0827522
-0.367981 -0.929833 0.000689473 0.482731
-6.78856e-05 -0.000714636 -1 0.312307
0 0 0 1
0.923938 -0.382542 -6.32802e-05 0.0816633
-0.382542 -0.923938 0.000502078 0.482616
-0.000250533 -0.000439681 -1 0.311487
0 0 0 1
0.917814 -0.39701 -5.86352e-05 0.0805745
-0.39701 -0.917814 0.000496637 0.482502
-0.000250986 -0.000432542 -1 0.310668
0 0 0 1
0.911464 -0.411379 -5.40763e-05 0.0794856
-0.411379 -0.911464 0.000491124 0.482387
-0.000251326 -0.000425396 -1 0.309848
0 0 0 1
0.904889 -0.425647 -4.96045e-05 0.0783968
-0.425647 -0.904889 0.000485539 0.482272
-0.000251555 -0.000418246 -1 0.309028
0 0 0 1
0.898091 -0.439809 -4.52211e-05 0.0773079
-0.439809 -0.898091 0.000479886 0.482157
-0.000251671 -0.000411093 -1 0.308208
0 0 0 1
0.891071 -0.453863 -4.0927e-05 0.0762191
-0.453863 -0.891071 0.000474164 0.482042
-0.000251675 -0.000403939 -1 0.307388
0 0 0 1
0.883831 -0.467806 -3.67233e-05 0.0751303
-0.467806 -0.883831 0.000468375 0.481927
-0.000251566 -0.000396785 -1 0.306568
0 0 0 1
0.876373 -0.481632 -3.2611e-05 0.0740414
-0.481632 -0.876373 0.000462521 0.481812
-0.000251345 -0.000389635 -1 0.305749
0 0 0 1
0.868699 -0.49534 -2.85912e-05 0.0729526
-0.49534 -0.868699 0.000456604 0.481697
-0.000251011 -0.000382489 -1 0.304929
0 0 0 1
0.86081 -0.508926 -2.46649e-05 0.0718637
-0.508926 -0.86081 0.000450623 0.481582
-0.000250566 -0.000375349 -1 0.304109
0 0 0 1
0.852709 -0.522386 -2.08331e-05 0.0707749
-0.522386 -0.852709 0.000444582 0.481468
-0.000250008 -0.000368217 -1 0.303289
0 0 0 1
0.844398 -0.535717 -1.70965e-05 0.069686
-0.535717 -0.844398 0.000438482 0.481353
-0.000249338 -0.000361094 -1 0.302469
0 0 0 1
0.835878 -0.548915 -1.34563e-05 0.0685972
-0.548915 -0.835878 0.000432323 0.481238
-0.000248557 -0.000353983 -1 0.30165
0 0 0 1
0.827152 -0.561979 -9.91332e-06 0.0675084
-0.561979 -0.827152 0.000426108 0.481123
-0.000247664 -0.000346885 -1 0.30083
0 0 0 1
0.818221 -0.574903 -6.46838e-06 0.0664195
-0.574903 -0.818221 0.000419838 0.481008
-0.000246659 -0.000339802 -1 0.30001
0 0 0 1
0.809089 -0.587686 -3.12236e-06 0.0653307
-0.587686 -0.809089 0.000413515 0.480893
-0.000245543 -0.000332735 -1 0.29919
0 0 0 1
0.799757 -0.600324 1.23918e-07 0.0642418
-0.600324 -0.799757 0.00040714 0.480778
-0.000244317 -0.000325687 -1 0.29837
0 0 0 1
0.790228 -0.612814 3.26965e-06 0.063153
-0.612814 -0.790227 0.000400715 0.480663
-0.00024298 -0.000318659 -1 0.29755
0 0 0 1
0.780503 -0.625152 6.31405e-06 0.0620641
-0.625152 -0.780503 0.000394241 0.480549
-0.000241532 -0.000311653 -1 0.296731
0 0 0 1
0.770586 -0.637336 9.25638e-06 0.0609753
-0.637336 -0.770586 0.00038772 0.480434
-0.000239975 -0.000304671 -1 0.295911
0 0 0 1
0.760479 -0.649363 1.20959e-05 0.0598864
-0.649363 -0.760479 0.000381154 0.480319
-0.000238308 -0.000297714 -1 0.295091
0 0 0 1
0.750184 -0.661229 1.48319e-05 0.0587976
-0.661229 -0.750184 0.000374544 0.480204
-0.000236533 -0.000290784 -1 0.294271
0 0 0 1
0.739704 -0.672932 1.74638e-05 0.0577088
-0.672932 -0.739704 0.000367891 0.480089
-0.000234648 -0.000283883 -1 0.293451
0 0 0 1
0.729041 -0.68447 1.99908e-05 0.0566199
-0.68447 -0.729041 0.000361199 0.479974
-0.000232655 -0.000277012 -1 0.292631
0 0 0 1
0.718199 -0.695838 2.24124e-05 0.0555311
-0.695838 -0.718199 0.000354467 0.479859
-0.000230555 -0.000270173 -1 0.291812
0 0 0 1
0.707179 -0.707035 2.47279e-05 0.0544422
-0.707035 -0.707179 0.000347698 0.479744
-0.000228348 -0.000263368 -1 0.290992
0 0 0 1
0.695985 -0.718057 2.69368e-05 0.0533534
-0.718057 -0.695985 0.000340894 0.479629
-0.000226033 -0.000256599 -1 0.290172
0 0 0 1
0.684619 -0.728902 2.90385e-05 0.0522645
-0.728901 -0.684619 0.000334055 0.479515
-0.000223613 -0.000249867 -1 0.289352
0 0 0 1
0.673084 -0.739566 3.10326e-05 0.0511757
-0.739566 -0.673083 0.000327185 0.4794
-0.000221088 -0.000243174 -1 0.288532
0 0 0 1
0.661382 -0.750049 3.29185e-05 0.0500869
-0.750049 -0.661382 0.000320284 0.479285
-0.000218457 -0.000236521 -1 0.287712
0 0 0 1
0.649518 -0.760346 3.46957e-05 0.048998
-0.760346 -0.649518 0.000313354 0.47917
-0.000215722 -0.00022991 -1 0.286893
0 0 0 1
0.637493 -0.770456 3.63638e-05 0.0479092
-0.770456 -0.637493 0.000306398 0.479055
-0.000212884 -0.000223343 -1 0.286073
0 0 0 1
0.625311 -0.780375 3.79225e-05 0.0468203
-0.780375 -0.625311 0.000299416 0.47894
-0.000209943 -0.000216822 -1 0.285253
0 0 0 1
0.612975 -0.790102 3.93713e-05 0.0457315
-0.790102 -0.612975 0.00029241 0.478825
-0.0002069 -0.000210347 -1 0.284433
0 0 0 1
0.600487 -0.799634 4.07098e-05 0.0446426
-0.799634 -0.600487 0.000285382 0.47871
-0.000203756 -0.000203921 -1 0.283613
0 0 0 1
0.587851 -0.808969 4.19378e-05 0.0435538
-0.808969 -0.587851 0.000278335 0.478595
-0.000200511 -0.000197546 -1 0.282793
0 0 0 1
0.575071 -0.818104 4.3055e-05 0.042465
-0.818104 -0.575071 0.000271268 0.478481
-0.000197166 -0.000191222 -1 0.281974
0 0 0 1
0.562148 -0.827037 4.40609e-05 0.0413761
-0.827037 -0.562148 0.000264185 0.478366
-0.000193722 -0.000184951 -1 0.281154
0 0 0 1
0.549086 -0.835766 4.49555e-05 0.0402873
-0.835766 -0.549086 0.000257088 0.478251
-0.000190181 -0.000178736 -1 0.280334
0 0 0 1
0.535889 -0.844288 4.57385e-05 0.0391984
-0.844288 -0.535889 0.000249977 0.478136
-0.000186542 -0.000172576 -1 0.279514
0 0 0 1
0.52256 -0.852603 4.64097e-05 0.0381096
-0.852603 -0.52256 0.000242854 0.478021
-0.000182806 -0.000166475 -1 0.278694
0 0 0 1
0.509101 -0.860707 4.69689e-05 0.0370207
-0.860707 -0.509101 0.000235722 0.477906
-0.000178976 -0.000160433 -1 0.277874
0 0 0 1
0.495517 -0.868598 4.74159e-05 0.0359319
-0.868598 -0.495517 0.000228582 0.477791
-0.000175051 -0.000154452 -1 0.277055
0 0 0 1
0.481811 -0.876275 4.77508e-05 0.0348431
-0.876275 -0.481811 0.000221436 0.477676
-0.000171032 -0.000148533 -1 0.276235
0 0 0 1
0.467986 -0.883736 4.79734e-05 0.0337542
-0.883736 -0.467986 0.000214286 0.477561
-0.000166921 -0.000142678 -1 0.275415
0 0 0 1
0.454045 -0.890979 4.80836e-05 0.0326654
-0.890979 -0.454045 0.000207133 0.477447
-0.000162719 -0.000136889 -1 0.274595
0 0 0 1
0.439993 -0.898001 4.80814e-05 0.0315765
-0.898001 -0.439993 0.000199979 0.477332
-0.000158426 -0.000131166 -1 0.273775
0 0 0 1
0.425831 -0.904803 4.79669e-05 0.0304877
-0.904803 -0.425831 0.000192826 0.477217
-0.000154043 -0.000125512 -1 0.272955
0 0 0 1
0.411565 -0.91138 4.77399e-05 0.0293988
-0.91138 -0.411565 0.000185675 0.477102
-0.000149573 -0.000119927 -1 0.272136
0 0 0 1
0.397197 -0.917733 4.74007e-05 0.02831
-0.917733 -0.397197 0.000178529 0.476987
-0.000145015 -0.000114413 -1 0.271316
0 0 0 1
0.382731 -0.92386 4.69493e-05 0.0272212
-0.92386 -0.382731 0.00017139 0.476872
-0.000140371 -0.000108971 -1 0.270496
0 0 0 1
0.368317 -0.9297 4.6392e-05 0.0261432
-0.9297 -0.368317 0.000164329 0.476758
-0.00013569 -0.000103656 -1 0.269664
0 0 0 1
0.354107 -0.935205 4.57394e-05 0.025087
-0.935205 -0.354107 0.000157421 0.476647
-0.000131024 -9.85195e-05 -1 0.268809
0 0 0 1
0.340111 -0.940385 4.49984e-05 0.0240526
-0.940385 -0.340111 0.000150665 0.476538
-0.000126379 -9.35586e-05 -1 0.26793
0 0 0 1
0.326336 -0.945254 4.41754e-05 0.02304
-0.945254 -0.326335 0.000144063 0.476431
-0.00012176 -8.87697e-05 -1 0.267028
0 0 0 1
0.312789 -0.949823 4.32768e-05 0.0220491
-0.949823 -0.312789 0.000137615 0.476326
-0.000117173 -8.41497e-05 -1 0.266102
0 0 0 1
0.299479 -0.954103 4.23089e-05 0.0210801
-0.954103 -0.299479 0.000131322 0.476224
-0.000112624 -7.96951e-05 -1 0.265152
0 0 0 1
0.286411 -0.958107 4.12778e-05 0.0201328
-0.958107 -0.286411 0.000125184 0.476124
-0.000108117 -7.54025e-05 -1 0.264179
0 0 0 1
0.273592 -0.961846 4.01894e-05 0.0192073
-0.961846 -0.273592 0.000119201 0.476027
-0.000103658 -7.12685e-05 -1 0.263182
0 0 0 1
0.261027 -0.965332 3.90497e-05 0.0183035
-0.965332 -0.261027 0.000113374 0.475931
-9.92503e-05 -6.72895e-05 -1 0.262161
0 0 0 1
0.248722 -0.968575 3.78642e-05 0.0174216
-0.968575 -0.248722 0.000107702 0.475838
-9.48995e-05 -6.34621e-05 -1 0.261117
0 0 0 1
0.236682 -0.971587 3.66386e-05 0.0165614
-0.971587 -0.236682 0.000102185 0.475747
-9.06094e-05 -5.97829e-05 -1 0.26005
0 0 0 1
0.224912 -0.974379 3.53783e-05 0.015723
-0.974379 -0.224912 9.68221e-05 0.475659
-8.63844e-05 -5.62483e-05 -1 0.258958
0 0 0 1
0.213416 -0.976961 3.40883e-05 0.0149063
-0.976961 -0.213416 9.16139e-05 0.475573
-8.22283e-05 -5.28549e-05 -1 0.257844
0 0 0 1
0.202198 -0.979345 3.2774e-05 0.0141115
-0.979345 -0.202198 8.65596e-05 0.475489
-7.81448e-05 -4.95992e-05 -1 0.256705
0 0 0 1
0.191262 -0.981539 3.14401e-05 0.0133384
-0.981539 -0.191262 8.16586e-05 0.475407
-7.41377e-05 -4.64779e-05 -1 0.255543
0 0 0 1
0.180612 -0.983555 3.00915e-05 0.0125871
-0.983555 -0.180612 7.69101e-05 0.475328
-7.02104e-05 -4.34875e-05 -1 0.254357
0 0 0 1
0.170249 -0.985401 2.87328e-05 0.0118576
-0.985401 -0.170249 7.23135e-05 0.475251
-6.63661e-05 -4.06246e-05 -1 0.253148
0 0 0 1
0.160178 -0.987088 2.73685e-05 0.0111498
-0.987088 -0.160178 6.7868e-05 0.475176
-6.26079e-05 -3.78861e-05 -1 0.251915
0 0 0 1
0.150401 -0.988625 2.60029e-05 0.0104638
-0.988625 -0.150401 6.35729e-05 0.475104
-5.89389e-05 -3.52685e-05 -1 0.250659
0 0 0 1
0.14092 -0.990021 2.46402e-05 0.00979964
-0.990021 -0.14092 5.94271e-05 0.475034
-5.53618e-05 -3.27688e-05 -1 0.249379
0 0 0 1
0.131738 -0.991285 2.32845e-05 0.00915722
-0.991285 -0.131738 5.54299e-05 0.474966
-5.18794e-05 -3.03838e-05 -1 0.248075
0 0 0 1
0.122856 -0.992425 2.19396e-05 0.00853658
-0.992425 -0.122856 5.15803e-05 0.474901
-4.84941e-05 -2.81103e-05 -1 0.246748
0 0 0 1
0.114276 -0.993449 2.06093e-05 0.00793771
-0.993449 -0.114276 4.78773e-05 0.474838
-4.52085e-05 -2.59455e-05 -1 0.245397
0 0 0 1
0.106001 -0.994366 1.92971e-05 0.00736062
-0.994366 -0.106001 4.432e-05 0.474777
-4.20248e-05 -2.38863e-05 -1 0.244022
0 0 0 1
0.0980303 -0.995183 1.80065e-05 0.00680531
-0.995183 -0.0980303 4.09073e-05 0.474718
-3.89451e-05 -2.19299e-05 -1 0.242624
0 0 0 1
0.0903666 -0.995909 1.67408e-05 0.00627177
-0.995909 -0.0903666 3.76383e-05 0.474662
-3.59715e-05 -2.00735e-05 -1 0.241202
0 0 0 1
0.0830107 -0.996549 1.55031e-05 0.00576002
-0.996549 -0.0830107 3.4512e-05 0.474608
-3.31059e-05 -1.83145e-05 -1 0.239757
0 0 0 1
0.0759636 -0.997111 1.42965e-05 0.00527004
-0.997111 -0.0759636 3.15273e-05 0.474556
-3.03502e-05 -1.66501e-05 -1 0.238288
0 0 0 1
0.0692261 -0.997601 1.31239e-05 0.00480183
-0.997601 -0.0692261 2.86834e-05 0.474507
-2.7706e-05 -1.5078e-05 -1 0.236796
0 0 0 1
0.062799 -0.998026 1.19879e-05 0.0043554
-0.998026 -0.062799 2.59791e-05 0.47446
-2.5175e-05 -1.35957e-05 -1 0.235279
0 0 0 1
0.0566831 -0.998392 1.08912e-05 0.00393075
-0.998392 -0.0566831 2.34136e-05 0.474415
-2.27586e-05 -1.22008e-05 -1 0.23374
0 0 0 1
0.0508788 -0.998705 9.8362e-06 0.00352788
-0.998705 -0.0508788 2.09859e-05 0.474372
-2.04583e-05 -1.08912e-05 -1 0.232176
0 0 0 1
0.0453867 -0.998969 8.82528e-06 0.00314678
-0.998969 -0.0453867 1.86952e-05 0.474332
-1.82754e-05 -9.6647e-06 -1 0.230589
0 0 0 1
0.0402071 -0.999191 7.8606e-06 0.00278746
-0.999191 -0.0402071 1.65404e-05 0.474294
-1.6211e-05 -8.51929e-06 -1 0.228979
0 0 0 1
0.0353405 -0.999375 6.94422e-06 0.00244992
-0.999375 -0.0353405 1.45209e-05 0.474258
-1.42664e-05 -7.45306e-06 -1 0.227345
0 0 0 1
0.030787 -0.999526 6.07807e-06 0.00213416
-0.999526 -0.030787 1.26356e-05 0.474225
-1.24425e-05 -6.4642e-06 -1 0.225687
0 0 0 1
0.0265471 -0.999648 5.26394e-06 0.00184017
-0.999648 -0.0265471 1.0884e-05 0.474194
-1.07404e-05 -5.55102e-06 -1 0.224006
0 0 0 1
0.0226207 -0.999744 4.50349e-06 0.00156795
-0.999744 -0.0226207 9.26519e-06 0.474165
-9.16095e-06 -4.71192e-06 -1 0.222301
0 0 0 1
0.0190082 -0.999819 3.79827e-06 0.00131752
-0.999819 -0.0190082 7.77854e-06 0.474139
-7.70494e-06 -3.94544e-06 -1 0.220572
0 0 0 1
0.0157096 -0.999877 3.14969e-06 0.00108886
-0.999877 -0.0157096 6.4234e-06 0.474115
-6.37313e-06 -3.25021e-06 -1 0.21882
0 0 0 1
0.012725 -0.999919 2.55902e-06 0.000881978
-0.999919 -0.012725 5.19917e-06 0.474093
-5.16619e-06 -2.62498e-06 -1 0.217044
0 0 0 1
0.0100544 -0.999949 2.02744e-06 0.000696873
-0.999949 -0.0100544 4.1053e-06 0.474074
-4.08471e-06 -2.06861e-06 -1 0.215245
0 0 0 1
0.00769799 -0.99997 1.55597e-06 0.000533545
-0.99997 -0.00769799 3.14131e-06 0.474056
-3.12924e-06 -1.5801e-06 -1 0.213422
0 0 0 1
0.00565572 -0.999984 1.14552e-06 0.000391994
-0.999984 -0.00565572 2.30674e-06 0.474041
-2.30023e-06 -1.15855e-06 -1 0.211575
0 0 0 1
0.00392761 -0.999992 7.9689e-07 0.00027222
-0.999992 -0.00392761 1.60123e-06 0.474029
-1.59808e-06 -8.03173e-07 -1 0.209705
0 0 0 1
0.0025137 -0.999997 5.10738e-07 0.000174222
-0.999997 -0.0025137 1.02443e-06 0.474018
-1.02315e-06 -5.13312e-07 -1 0.207811
0 0 0 1
0.00141398 -0.999999 2.87611e-07 9.80012e-05
-0.999999 -0.00141398 5.76093e-07 0.47401
-5.75686e-07 -2.88425e-07 -1 0.205894
0 0 0 1
0.000628451 -1 1.27931e-07 4.35573e-05
-1 -0.000628451 2.55998e-07 0.474005
-2.55918e-07 -1.28092e-07 -1 0.203953
0 0 0 1
0.000157126 -1 3.20006e-08 1.08902e-05
-1 -0.000157126 6.39974e-08 0.474001
-6.39924e-08 -3.20106e-08 -1 0.201988
0 0 0 1
6.12323e-17 -1 0 7.58354e-14
-1 -6.12323e-17 1.22465e-16 0.474
-1.22465e-16 -7.4988e-33 -1 0.2
0 0 0 1
6.12323e-17 -1 0 1.81248e-17
-1 -6.12323e-17 1.22465e-16 0.474
-1.22465e-16 -7.4988e-33 -1 0.198
0 0 0 1
6.12323e-17 -1 -1.22465e-16 1.78798e-17
-1 -6.12323e-17 -7.4988e-33 0.474
0 1.22465e-16 -1 0.196
0 0 0 1
6.12323e-17 -1 0 1.76349e-17
-1 -6.12323e-17 1.22465e-16 0.474
-1.22465e-16 -7.4988e-33 -1 0.194
0 0 0 1
6.12323e-17 -1 -1.22465e-16 1.739e-17
-1 -6.12323e-17 -7.4988e-33 0.474
0 1.22465e-16 -1 0.192
0 0 0 1
6.12323e-17 -1 0 1.71451e-17
-1 -6.12323e-17 1.22465e-16 0.474
-1.22465e-16 -7.4988e-33 -1 0.19
0 0 0 1
6.12323e-17 -1 -1.22465e-16 1.69001e-17
-1 -6.12323e-17 -7.4988e-33 0.474
0 1.22465e-16 -1 0.188
0 0 0 1
6.12323e-17 -1 0 1.66552e-17
-1 -6.12323e-17 1.22465e-16 0.474
-1.22465e-16 -7.4988e-33 -1 0.186
0 0 0 1
6.12323e-17 -1 -1.22465e-16 1.64103e-17
-1 -6.12323e-17 -7.4988e-33 0.474
0 1.22465e-16 -1 0.184
0 0 0 1
6.12323e-17 -1 0 1.61653e-17
-1 -6.12323e-17 1.22465e-16 0.474
-1.22465e-16 -7.4988e-33 -1 0.182
0 0 0 1
6.12323e-17 -1 -1.22465e-16 1.59204e-17
-1 -6.12323e-17 -7.4988e-33 0.474
0 1.22465e-16 -1 0.18
0 0 0 1
6.12323e-17 -1 0 1.56755e-17
-1 -6.12323e-17 1.22465e-16 0.474
-1.22465e-16 -7.4988e-33 -1 0.178
0 0 0 1
6.12323e-17 -1 -1.22465e-16 1.54306e-17
-1 -6.12323e-17 -7.4988e-33 0.474
0 1.22465e-16 -1 0.176
0 0 0 1
6.12323e-17 -1 0 1.51856e-17
-1 -6.12323e-17 1.22465e-16 0.474
-1.22465e-16 -7.4988e-33 -1 0.174
0 0 0 1
6.12323e-17 -1 -1.22465e-16 1.49407e-17
-1 -6.12323e-17 -7.4988e-33 0.474
0 1.22465e-16 -1 0.172
0 0 0 1
6.12323e-17 -1 0 1.46958e-17
-1 -6.12323e-17 1.22465e-16 0.474
-1.22465e-16 -7.4988e-33 -1 0.17
0 0 0 1
6.12323e-17 -1 -1.22465e-16 1.44508e-17
-1 -6.12323e-17 -7.4988e-33 0.474
0 1.22465e-16 -1 0.168
0 0 0 1
6.12323e-17 -1 0 1.42059e-17
-1 -6.12323e-17 1.22465e-16 0.474
-1.22465e-16 -7.4988e-33 -1 0.166
0 0 0 1
6.12323e-17 -1 -1.22465e-16 1.3961e-17
-1 -6.12323e-17 -7.4988e-33 0.474
0 1.22465e-16 -1 0.164
0 0 0 1
6.12323e-17 -1 0 1.37161e-17
-1 -6.12323e-17 1.22465e-16 0.474
-1.22465e-16 -7.4988e-33 -1 0.162
0 0 0 1
6.12323e-17 -1 -1.22465e-16 1.34711e-17
-1 -6.12323e-17 -7.4988e-33 0.474
0 1.22465e-16 -1 0.16
0 0 0 1
6.12323e-17 -1 0 1.32262e-17
-1 -6.12323e-17 1.22465e-16 0.474
-1.22465e-16 -7.4988e-33 -1 0.158
0 0 0 1
6.12323e-17 -1 -1.22465e-16 1.29813e-17
-1 -6.12323e-17 -7.4988e-33 0.474
0 1.22465e-16 -1 0.156
0 0 0 1
6.12323e-17 -1 0 1.27363e-17
-1 -6.12323e-17 1.22465e-16 0.474
-1.22465e-16 -7.4988e-33 -1 0.154
0 0 0 1
6.12323e-17 -1 -1.22465e-16 1.24914e-17
-1 -6.12323e-17 -7.4988e-33 0.474
0 1.22465e-16 -1 0.152
0 0 0 1
6.12323e-17 -1 0 1.22465e-17
-1 -6.12323e-17 1.22465e-16 0.474
-1.22465e-16 -7.4988e-33 -1 0.15
0 0 0 1
6.12323e-17 -1 -1.22465e-16 1.20016e-17
-1 -6.12323e-17 -7.4988e-33 0.474
0 1.22465e-16 -1 0.148
0 0 0 1
6.12323e-17 -1 0 1.17566e-17
-1 -6.12323e-17 1.22465e-16 0.474
-1.22465e-16 -7.4988e-33 -1 0.146
0 0 0 1
6.12323e-17 -1 -1.22465e-16 1.15117e-17
-1 -6.12323e-17 -7.4988e-33 0.474
0 1.22465e-16 -1 0.144
0 0 0 1
6.12323e-17 -1 0 1.12668e-17
-1 -6.12323e-17 1.22465e-16 0.474
-1.22465e-16 -7.4988e-33 -1 0.142
0 0 0 1
6.12323e-17 -1 -1.22465e-16 1.10218e-17
-1 -6.12323e-17 -7.4988e-33 0.474
0 1.22465e-16 -1 0.14
0 0 0 1
6.12323e-17 -1 0 1.07769e-17
-1 -6.12323e-17 1.22465e-16 0.474
-1.22465e-16 -7.4988e-33 -1 0.138
0 0 0 1
6.12323e-17 -1 -1.22465e-16 1.0532e-17
-1 -6.12323e-17 -7.4988e-33 0.474
0 1.22465e-16 -1 0.136
0 0 0 1
6.12323e-17 -1 0 1.0287e-17
-1 -6.12323e-17 1.22465e-16 0.474
-1.22465e-16 -7.4988e-33 -1 0.134
0 0 0 1
6.12323e-17 -1 -1.22465e-16 1.00421e-17
-1 -6.12323e-17 -7.4988e-33 0.474
0 1.22465e-16 -1 0.132
0 0 0 1
6.12323e-17 -1 0 9.79719e-18
-1 -6.12323e-17 1.22465e-16 0.474
-1.22465e-16 -7.4988e-33 -1 0.13
0 0 0 1
6.12323e-17 -1 -1.22465e-16 9.55226e-18
-1 -6.12323e-17 -7.4988e-33 0.474
0 1.22465e-16 -1 0.128
0 0 0 1
6.12323e-17 -1 0 9.30733e-18
-1 -6.12323e-17 1.22465e-16 0.474
-1.22465e-16 -7.4988e-33 -1 0.126
0 0 0 1
6.12323e-17 -1 -1.22465e-16 9.0624e-18
-1 -6.12323e-17 -7.4988e-33 0.474
0 1.22465e-16 -1 0.124
0 0 0 1
6.12323e-17 -1 0 8.81747e-18
-1 -6.12323e-17 1.22465e-16 0.474
-1.22465e-16 -7.4988e-33 -1 0.122
0 0 0 1
6.12323e-17 -1 -1.22465e-16 8.57254e-18
-1 -6.12323e-17 -7.4988e-33 0.474
0 1.22465e-16 -1 0.12
0 0 0 1
6.12323e-17 -1 0 8.32761e-18
-1 -6.12323e-17 1.22465e-16 0.474
-1.22465e-16 -7.4988e-33 -1 0.118
0 0 0 1
6.12323e-17 -1 -1.22465e-16 8.08268e-18
-1 -6.12323e-17 -7.4988e-33 0.474
0 1.22465e-16 -1 0.116
0 0 0 1
6.12323e-17 -1 0 7.83776e-18
-1 -6.12323e-17 1.22465e-16 0.474
-1.22465e-16 -7.4988e-33 -1 0.114
0 0 0 1
6.12323e-17 -1 -1.22465e-16 7.59283e-18
-1 -6.12323e-17 -7.4988e-33 0.474
0 1.22465e-16 -1 0.112
0 0 0 1
6.12323e-17 -1 0 7.3479e-18
-1 -6.12323e-17 1.22465e-16 0.474
-1.22465e-16 -7.4988e-33 -1 0.11
0 0 0 1
6.12323e-17 -1 -1.22465e-16 7.10297e-18
-1 -6.12323e-17 -7.4988e-33 0.474
0 1.22465e-16 -1 0.108
0 0 0 1
6.12323e-17 -1 0 6.85804e-18
-1 -6.12323e-17 1.22465e-16 0.474
-1.22465e-16 -7.4988e-33 -1 0.106
0 0 0 1
6.12323e-17 -1 -1.22465e-16 6.61311e-18
-1 -6.12323e-17 -7.4988e-33 0.474
0 1.22465e-16 -1 0.104
0 0 0 1
6.12323e-17 -1 0 6.36818e-18
-1 -6.12323e-17 1.22465e-16 0.474
-1.22465e-16 -7.4988e-33 -1 0.102
0 0 0 1
6.12323e-17 -1 -1.22465e-16 6.12325e-18
-1 -6.12323e-17 -7.4988e-33 0.474
0 1.22465e-16 -1 0.1
0 0 0 1
6.12323e-17 -1 -1.22465e-16 5.88322e-18
-1 -6.12323e-17 -7.4988e-33 0.474
0 1.22465e-16 -1 0.0980401
0 0 0 1
6.12323e-17 -1 -1.22465e-16 5.65299e-18
-1 -6.12323e-17 -7.4988e-33 0.474
0 1.22465e-16 -1 0.0961601
0 0 0 1
6.12323e-17 -1 -1.22465e-16 5.43255e-18
-1 -6.12323e-17 -7.4988e-33 0.474
0 1.22465e-16 -1 0.0943601
0 0 0 1
6.12323e-17 -1 -1.22465e-16 5.22191e-18
-1 -6.12323e-17 -7.4988e-33 0.474
0 1.22465e-16 -1 0.0926401
0 0 0 1
6.12323e-17 -1 -1.22465e-16 5.02107e-18
-1 -6.12323e-17 -7.4988e-33 0.474
0 1.22465e-16 -1 0.0910001
0 0 0 1
6.12323e-17 -1 -1.22465e-16 4.83002e-18
-1 -6.12323e-17 -7.4988e-33 0.474
0 1.22465e-16 -1 0.0894401
0 0 0 1
6.12323e-17 -1 -1.22465e-16 4.64877e-18
-1 -6.12323e-17 -7.4988e-33 0.474
0 1.22465e-16 -1 0.0879601
0 0 0 1
6.12323e-17 -1 -1.22465e-16 4.47732e-18
-1 -6.12323e-17 -7.4988e-33 0.474
0 1.22465e-16 -1 0.0865601
0 0 0 1
6.12323e-17 -1 -1.22465e-16 4.31567e-18
-1 -6.12323e-17 -7.4988e-33 0.474
0 1.22465e-16 -1 0.0852401
0 0 0 1
6.12323e-17 -1 -1.22465e-16 4.16381e-18
-1 -6.12323e-17 -7.4988e-33 0.474
0 1.22465e-16 -1 0.0840001
0 0 0 1
6.12323e-17 -1 -1.22465e-16 4.02175e-18
-1 -6.12323e-17 -7.4988e-33 0.474
0 1.22465e-16 -1 0.0828401
0 0 0 1
6.12323e-17 -1 -1.22465e-16 3.88949e-18
-1 -6.12323e-17 -7.4988e-33 0.474
0 1.22465e-16 -1 0.0817601
0 0 0 1
6.12323e-17 -1 -1.22465e-16 3.76702e-18
-1 -6.12323e-17 -7.4988e-33 0.474
0 1.22465e-16 -1 0.0807601
0 0 0 1
6.12323e-17 -1 -1.22465e-16 3.65436e-18
-1 -6.12323e-17 -7.4988e-33 0.474
0 1.22465e-16 -1 0.0798401
0 0 0 1
6.12323e-17 -1 -1.22465e-16 3.55148e-18
-1 -6.12323e-17 -7.4988e-33 0.474
0 1.22465e-16 -1 0.0790001
0 0 0 1
6.12323e-17 -1 -1.22465e-16 3.45841e-18
-1 -6.12323e-17 -7.4988e-33 0.474
0 1.22465e-16 -1 0.0782401
0 0 0 1
6.12323e-17 -1 -1.22465e-16 3.37513e-18
-1 -6.12323e-17 -7.4988e-33 0.474
0 1.22465e-16 -1 0.0775601
0 0 0 1
6.12323e-17 -1 -1.22465e-16 3.30165e-18
-1 -6.12323e-17 -7.4988e-33 0.474
0 1.22465e-16 -1 0.07696
0 0 0 1
6.12323e-17 -1 -1.22465e-16 3.23797e-18
-1 -6.12323e-17 -7.4988e-33 0.474
0 1.22465e-16 -1 0.07644
0 0 0 1
6.12323e-17 -1 -1.22465e-16 3.18409e-18
-1 -6.12323e-17 -7.4988e-33 0.474
0 1.22465e-16 -1 0.076
0 0 0 1
6.12323e-17 -1 -1.22465e-16 3.14e-18
-1 -6.12323e-17 -7.4988e-33 0.474
0 1.22465e-16 -1 0.07564
0 0 0 1
6.12323e-17 -1 -1.22465e-16 3.10571e-18
-1 -6.12323e-17 -7.4988e-33 0.474
0 1.22465e-16 -1 0.07536
0 0 0 1
6.12323e-17 -1 -1.22465e-16 3.08121e-18
-1 -6.12323e-17 -7.4988e-33 0.474
0 1.22465e-16 -1 0.07516
0 0 0 1
6.12323e-17 -1 -1.22465e-16 3.06652e-18
-1 -6.12323e-17 -7.4988e-33 0.474
0 1.22465e-16 -1 0.07504
0 0 0 1
6.12323e-17 -1 -1.22465e-16 3.06162e-18
-1 -6.12323e-17 -7.4988e-33 0.474
0 1.22465e-16 -1 0.075
0 0 0 1
6.12323e-17 -1 -1.22465e-16 3.06651e-18
-1 -6.12323e-17 -7.4988e-33 0.474
0 1.22465e-16 -1 0.07504
0 0 0 1
6.12323e-17 -1 -1.22465e-16 3.08121e-18
-1 -6.12323e-17 -7.4988e-33 0.474
0 1.22465e-16 -1 0.07516
0 0 0 1
6.12323e-17 -1 -1.22465e-16 3.1057e-18
-1 -6.12323e-17 -7.4988e-33 0.474
0 1.22465e-16 -1 0.07536
0 0 0 1
6.12323e-17 -1 -1.22465e-16 3.13999e-18
-1 -6.12323e-17 -7.4988e-33 0.474
0 1.22465e-16 -1 0.07564
0 0 0 1
6.12323e-17 -1 -1.22465e-16 3.18408e-18
-1 -6.12323e-17 -7.4988e-33 0.474
0 1.22465e-16 -1 0.076
0 0 0 1
6.12323e-17 -1 -1.22465e-16 3.23796e-18
-1 -6.12323e-17 -7.4988e-33 0.474
0 1.22465e-16 -1 0.07644
0 0 0 1
6.12323e-17 -1 -1.22465e-16 3.30164e-18
-1 -6.12323e-17 -7.4988e-33 0.474
0 1.22465e-16 -1 0.0769599
0 0 0 1
6.12323e-17 -1 -1.22465e-16 3.37512e-18
-1 -6.12323e-17 -7.4988e-33 0.474
0 1.22465e-16 -1 0.0775599
0 0 0 1
6.12323e-17 -1 -1.22465e-16 3.45839e-18
-1 -6.12323e-17 -7.4988e-33 0.474
0 1.22465e-16 -1 0.0782399
0 0 0 1
6.12323e-17 -1 -1.22465e-16 3.55147e-18
-1 -6.12323e-17 -7.4988e-33 0.474
0 1.22465e-16 -1 0.0789999
0 0 0 1
6.12323e-17 -1 -1.22465e-16 3.65433e-18
-1 -6.12323e-17 -7.4988e-33 0.474
0 1.22465e-16 -1 0.0798399
0 0 0 1
6.12323e-17 -1 -1.22465e-16 3.767e-18
-1 -6.12323e-17 -7.4988e-33 0.474
0 1.22465e-16 -1 0.0807599
0 0 0 1
6.12323e-17 -1 -1.22465e-16 3.88946e-18
-1 -6.12323e-17 -7.4988e-33 0.474
0 1.22465e-16 -1 0.0817599
0 0 0 1
6.12323e-17 -1 -1.22465e-16 4.02173e-18
-1 -6.12323e-17 -7.4988e-33 0.474
0 1.22465e-16 -1 0.0828399
0 0 0 1
6.12323e-17 -1 -1.22465e-16 4.16378e-18
-1 -6.12323e-17 -7.4988e-33 0.474
0 1.22465e-16 -1 0.0839999
0 0 0 1
6.12323e-17 -1 -1.22465e-16 4.31564e-18
-1 -6.12323e-17 -7.4988e-33 0.474
0 1.22465e-16 -1 0.0852399
0 0 0 1
6.12323e-17 -1 -1.22465e-16 4.47729e-18
-1 -6.12323e-17 -7.4988e-33 0.474
0 1.22465e-16 -1 0.0865598
0 0 0 1
6.12323e-17 -1 -1.22465e-16 4.64874e-18
-1 -6.12323e-17 -7.4988e-33 0.474
0 1.22465e-16 -1 0.0879598
0 0 0 1
6.12323e-17 -1 -1.22465e-16 4.82999e-18
-1 -6.12323e-17 -7.4988e-33 0.474
0 1.22465e-16 -1 0.0894398
0 0 0 1
6.12323e-17 -1 -1.22465e-16 5.02103e-18
-1 -6.12323e-17 -7.4988e-33 0.474
0 1.22465e-16 -1 0.0909998
0 0 0 1
6.12323e-17 -1 -1.22465e-16 5.22187e-18
-1 -6.12323e-17 -7.4988e-33 0.474
0 1.22465e-16 -1 0.0926398
0 0 0 1
6.12323e-17 -1 -1.22465e-16 5.43251e-18
-1 -6.12323e-17 -7.4988e-33 0.474
0 1.22465e-16 -1 0.0943598
0 0 0 1
6.12323e-17 -1 -1.22465e-16 5.65294e-18
-1 -6.12323e-17 -7.4988e-33 0.474
0 1.22465e-16 -1 0.0961598
0 0 0 1
6.12323e-17 -1 -1.22465e-16 5.88318e-18
-1 -6.12323e-17 -7.4988e-33 0.474
0 1.22465e-16 -1 0.0980398
0 0 0 1
6.12323e-17 -1 -1.22465e-16 6.1232e-18
-1 -6.12323e-17 -7.4988e-33 0.474
0 1.22465e-16 -1 0.0999998
0 0 0 1
6.12323e-17 -1 0 6.36816e-18
-1 -6.12323e-17 1.22465e-16 0.474
-1.22465e-16 -7.4988e-33 -1 0.102
0 0 0 1
6.12323e-17 -1 -1.22465e-16 6.61309e-18
-1 -6.12323e-17 -7.4988e-33 0.474
0 1.22465e-16 -1 0.104
0 0 0 1
6.12323e-17 -1 0 6.85802e-18
-1 -6.12323e-17 1.22465e-16 0.474
-1.22465e-16 -7.4988e-33 -1 0.106
0 0 0 1
6.12323e-17 -1 -1.22465e-16 7.10294e-18
-1 -6.12323e-17 -7.4988e-33 0.474
0 1.22465e-16 -1 0.108
0 0 0 1
6.12323e-17 -1 0 7.34787e-18
-1 -6.12323e-17 1.22465e-16 0.474
-1.22465e-16 -7.4988e-33 -1 0.11
0 0 0 1
6.12323e-17 -1 -1.22465e-16 7.5928e-18
-1 -6.12323e-17 -7.4988e-33 0.474
0 1.22465e-16 -1 0.112
0 0 0 1
6.12323e-17 -1 0 7.83773e-18
-1 -6.12323e-17 1.22465e-16 0.474
-1.22465e-16 -7.4988e-33 -1 0.114
0 0 0 1
6.12323e-17 -1 -1.22465e-16 8.08266e-18
-1 -6.12323e-17 -7.4988e-33 0.474
0 1.22465e-16 -1 0.116
0 0 0 1
6.12323e-17 -1 0 8.32759e-18
-1 -6.12323e-17 1.22465e-16 0.474
-1.22465e-16 -7.4988e-33 -1 0.118
0 0 0 1
6.12323e-17 -1 -1.22465e-16 8.57252e-18
-1 -6.12323e-17 -7.4988e-33 0.474
0 1.22465e-16 -1 0.12
0 0 0 1
6.12323e-17 -1 0 8.81745e-18
-1 -6.12323e-17 1.22465e-16 0.474
-1.22465e-16 -7.4988e-33 -1 0.122
0 0 0 1
6.12323e-17 -1 -1.22465e-16 9.06238e-18
-1 -6.12323e-17 -7.4988e-33 0.474
0 1.22465e-16 -1 0.124
0 0 0 1
6.12323e-17 -1 0 9.30731e-18
-1 -6.12323e-17 1.22465e-16 0.474
-1.22465e-16 -7.4988e-33 -1 0.126
0 0 0 1
6.12323e-17 -1 -1.22465e-16 9.55224e-18
-1 -6.12323e-17 -7.4988e-33 0.474
0 1.22465e-16 -1 0.128
0 0 0 1
6.12323e-17 -1 0 9.79717e-18
-1 -6.12323e-17 1.22465e-16 0.474
-1.22465e-16 -7.4988e-33 -1 0.13
0 0 0 1
6.12323e-17 -1 -1.22465e-16 1.00421e-17
-1 -6.12323e-17 -7.4988e-33 0.474
0 1.22465e-16 -1 0.132
0 0 0 1
6.12323e-17 -1 0 1.0287e-17
-1 -6.12323e-17 1.22465e-16 0.474
-1.22465e-16 -7.4988e-33 -1 0.134
0 0 0 1
6.12323e-17 -1 -1.22465e-16 1.0532e-17
-1 -6.12323e-17 -7.4988e-33 0.474
0 1.22465e-16 -1 0.136
0 0 0 1
6.12323e-17 -1 0 1.07769e-17
-1 -6.12323e-17 1.22465e-16 0.474
-1.22465e-16 -7.4988e-33 -1 0.138
0 0 0 1
6.12323e-17 -1 -1.22465e-16 1.10218e-17
-1 -6.12323e-17 -7.4988e-33 0.474
0 1.22465e-16 -1 0.14
0 0 0 1
6.12323e-17 -1 0 1.12667e-17
-1 -6.12323e-17 1.22465e-16 0.474
-1.22465e-16 -7.4988e-33 -1 0.142
0 0 0 1
6.12323e-17 -1 -1.22465e-16 1.15117e-17
-1 -6.12323e-17 -7.4988e-33 0.474
0 1.22465e-16 -1 0.144
0 0 0 1
6.12323e-17 -1 0 1.17566e-17
-1 -6.12323e-17 1.22465e-16 0.474
-1.22465e-16 -7.4988e-33 -1 0.146
0 0 0 1
6.12323e-17 -1 -1.22465e-16 1.20015e-17
-1 -6.12323e-17 -7.4988e-33 0.474
0 1.22465e-16 -1 0.148
0 0 0 1
6.12323e-17 -1 0 1.22465e-17
-1 -6.12323e-17 1.22465e-16 0.474
-1.22465e-16 -7.4988e-33 -1 0.15
0 0 0 1
6.12323e-17 -1 -1.22465e-16 1.24914e-17
-1 -6.12323e-17 -7.4988e-33 0.474
0 1.22465e-16 -1 0.152
0 0 0 1
6.12323e-17 -1 0 1.27363e-17
-1 -6.12323e-17 1.22465e-16 0.474
-1.22465e-16 -7.4988e-33 -1 0.154
0 0 0 1
6.12323e-17 -1 -1.22465e-16 1.29812e-17
-1 -6.12323e-17 -7.4988e-33 0.474
0 1.22465e-16 -1 0.156
0 0 0 1
6.12323e-17 -1 0 1.32262e-17
-1 -6.12323e-17 1.22465e-16 0.474
-1.22465e-16 -7.4988e-33 -1 0.158
0 0 0 1
6.12323e-17 -1 -1.22465e-16 1.34711e-17
-1 -6.12323e-17 -7.4988e-33 0.474
0 1.22465e-16 -1 0.16
0 0 0 1
6.12323e-17 -1 0 1.3716e-17
-1 -6.12323e-17 1.22465e-16 0.474
-1.22465e-16 -7.4988e-33 -1 0.162
0 0 0 1
6.12323e-17 -1 -1.22465e-16 1.3961e-17
-1 -6.12323e-17 -7.4988e-33 0.474
0 1.22465e-16 -1 0.164
0 0 0 1
6.12323e-17 -1 0 1.42059e-17
-1 -6.12323e-17 1.22465e-16 0.474
-1.22465e-16 -7.4988e-33 -1 0.166
0 0 0 1
6.12323e-17 -1 -1.22465e-16 1.44508e-17
-1 -6.12323e-17 -7.4988e-33 0.474
0 1.22465e-16 -1 0.168
0 0 0 1
6.12323e-17 -1 0 1.46957e-17
-1 -6.12323e-17 1.22465e-16 0.474
-1.22465e-16 -7.4988e-33 -1 0.17
0 0 0 1
6.12323e-17 -1 -1.22465e-16 1.49407e-17
-1 -6.12323e-17 -7.4988e-33 0.474
0 1.22465e-16 -1 0.172
0 0 0 1
6.12323e-17 -1 0 1.51856e-17
-1 -6.12323e-17 1.22465e-16 0.474
-1.22465e-16 -7.4988e-33 -1 0.174
0 0 0 1
6.12323e-17 -1 -1.22465e-16 1.54305e-17
-1 -6.12323e-17 -7.4988e-33 0.474
0 1.22465e-16 -1 0.176
0 0 0 1
6.12323e-17 -1 0 1.56755e-17
-1 -6.12323e-17 1.22465e-16 0.474
-1.22465e-16 -7.4988e-33 -1 0.178
0 0 0 1
6.12323e-17 -1 -1.22465e-16 1.59204e-17
-1 -6.12323e-17 -7.4988e-33 0.474
0 1.22465e-16 -1 0.18
0 0 0 1
6.12323e-17 -1 0 1.61653e-17
-1 -6.12323e-17 1.22465e-16 0.474
-1.22465e-16 -7.4988e-33 -1 0.182
0 0 0 1
6.12323e-17 -1 -1.22465e-16 1.64103e-17
-1 -6.12323e-17 -7.4988e-33 0.474
0 1.22465e-16 -1 0.184
0 0 0 1
6.12323e-17 -1 0 1.66552e-17
-1 -6.12323e-17 1.22465e-16 0.474
-1.22465e-16 -7.4988e-33 -1 0.186
0 0 0 1
6.12323e-17 -1 -1.22465e-16 1.69001e-17
-1 -6.12323e-17 -7.4988e-33 0.474
0 1.22465e-16 -1 0.188
0 0 0 1
6.12323e-17 -1 0 1.7145e-17
-1 -6.12323e-17 1.22465e-16 0.474
-1.22465e-16 -7.4988e-33 -1 0.19
0 0 0 1
6.12323e-17 -1 -1.22465e-16 1.739e-17
-1 -6.12323e-17 -7.4988e-33 0.474
0 1.22465e-16 -1 0.192
0 0 0 1
6.12323e-17 -1 0 1.76349e-17
-1 -6.12323e-17 1.22465e-16 0.474
-1.22465e-16 -7.4988e-33 -1 0.194
0 0 0 1
6.12323e-17 -1 -1.22465e-16 1.78798e-17
-1 -6.12323e-17 -7.4988e-33 0.474
0 1.22465e-16 -1 0.196
0 0 0 1
6.12323e-17 -1 0 1.81248e-17
-1 -6.12323e-17 1.22465e-16 0.474
-1.22465e-16 -7.4988e-33 -1 0.198
0 0 0 1
6.12323e-17 -1 -1.22465e-16 1.83697e-17
-1 -6.12323e-17 -7.4988e-33 0.474
0 1.22465e-16 -1 0.2
0 0 0 1
0.000157077 -1 -6.39726e-08 1.08869e-05
-1 -0.000157077 -3.20007e-08 0.474001
3.19907e-08 6.39776e-08 -1 0.201988
0 0 0 1
0.000628354 -1 -2.55878e-07 4.35506e-05
-1 -0.000628354 -1.28072e-07 0.474005
1.27911e-07 2.55959e-07 -1 0.203953
0 0 0 1
0.00141383 -0.999999 -5.75627e-07 9.79911e-05
-0.999999 -0.00141383 -2.88396e-07 0.47401
2.87581e-07 5.76034e-07 -1 0.205894
0 0 0 1
0.0025135 -0.999997 -1.02307e-06 0.000174209
-0.999997 -0.0025135 -5.13272e-07 0.474018
5.10699e-07 1.02435e-06 -1 0.207811
0 0 0 1
0.00392737 -0.999992 -1.59798e-06 0.000272203
-0.999992 -0.00392737 -8.03123e-07 0.474029
7.9684e-07 1.60113e-06 -1 0.209705
0 0 0 1
0.00565542 -0.999984 -2.30011e-06 0.000391974
-0.999984 -0.00565542 -1.15849e-06 0.474041
1.14546e-06 2.30662e-06 -1 0.211575
0 0 0 1
0.00769765 -0.99997 -3.1291e-06 0.000533522
-0.99997 -0.00769765 -1.58003e-06 0.474056
1.5559e-06 3.14117e-06 -1 0.213422
0 0 0 1
0.010054 -0.999949 -4.08455e-06 0.000696846
-0.999949 -0.010054 -2.06853e-06 0.474074
2.02736e-06 4.10514e-06 -1 0.215245
0 0 0 1
0.0127245 -0.999919 -5.16601e-06 0.000881948
-0.999919 -0.0127245 -2.62488e-06 0.474093
2.55894e-06 5.19899e-06 -1 0.217044
0 0 0 1
0.0157091 -0.999877 -6.37293e-06 0.00108883
-0.999877 -0.0157091 -3.25011e-06 0.474115
3.14959e-06 6.4232e-06 -1 0.21882
0 0 0 1
0.0190077 -0.999819 -7.70472e-06 0.00131748
-0.999819 -0.0190077 -3.94533e-06 0.474139
3.79817e-06 7.77832e-06 -1 0.220572
0 0 0 1
0.0226202 -0.999744 -9.16071e-06 0.00156791
-0.999744 -0.0226202 -4.7118e-06 0.474165
4.50338e-06 9.26495e-06 -1 0.2223
0 0 0 1
0.0265464 -0.999648 -1.07402e-05 0.00184012
-0.999648 -0.0265464 -5.55088e-06 0.474194
5.26381e-06 1.08837e-05 -1 0.224005
0 0 0 1
0.0307864 -0.999526 -1.24422e-05 0.00213411
-0.999526 -0.0307864 -6.46405e-06 0.474225
6.07794e-06 1.26354e-05 -1 0.225687
0 0 0 1
0.0353397 -0.999375 -1.42661e-05 0.00244987
-0.999375 -0.0353397 -7.4529e-06 0.474258
6.94408e-06 1.45206e-05 -1 0.227344
0 0 0 1
0.0402063 -0.999191 -1.62107e-05 0.00278741
-0.999191 -0.0402063 -8.51911e-06 0.474294
7.86045e-06 1.65401e-05 -1 0.228979
0 0 0 1
0.0453858 -0.99897 -1.8275e-05 0.00314673
-0.99897 -0.0453858 -9.66451e-06 0.474332
8.82513e-06 1.86948e-05 -1 0.230589
0 0 0 1
0.0508779 -0.998705 -2.0458e-05 0.00352782
-0.998705 -0.0508779 -1.0891e-05 0.474372
9.83604e-06 2.09856e-05 -1 0.232176
0 0 0 1
0.0566822 -0.998392 -2.27583e-05 0.00393069
-0.998392 -0.0566822 -1.22006e-05 0.474415
1.0891e-05 2.34132e-05 -1 0.233739
0 0 0 1
0.0627981 -0.998026 -2.51746e-05 0.00435534
-0.998026 -0.0627981 -1.35955e-05 0.47446
1.19877e-05 2.59787e-05 -1 0.235279
0 0 0 1
0.0692251 -0.997601 -2.77056e-05 0.00480176
-0.997601 -0.0692251 -1.50778e-05 0.474507
1.31237e-05 2.86829e-05 -1 0.236795
0 0 0 1
0.0759625 -0.997111 -3.03498e-05 0.00526996
-0.997111 -0.0759625 -1.66499e-05 0.474556
1.42963e-05 3.15269e-05 -1 0.238288
0 0 0 1
0.0830096 -0.996549 -3.31055e-05 0.00575994
-0.996549 -0.0830096 -1.83142e-05 0.474608
1.55029e-05 3.45115e-05 -1 0.239757
0 0 0 1
0.0903654 -0.995909 -3.5971e-05 0.00627169
-0.995909 -0.0903654 -2.00732e-05 0.474662
1.67406e-05 3.76378e-05 -1 0.241202
0 0 0 1
0.0980291 -0.995184 -3.89446e-05 0.00680522
-0.995184 -0.0980291 -2.19296e-05 0.474718
1.80063e-05 4.09068e-05 -1 0.242624
0 0 0 1
0.105999 -0.994366 -4.20243e-05 0.00736053
-0.994366 -0.105999 -2.3886e-05 0.474777
1.92969e-05 4.43194e-05 -1 0.244022
0 0 0 1
0.114275 -0.993449 -4.5208e-05 0.00793762
-0.993449 -0.114275 -2.59452e-05 0.474838
2.06091e-05 4.78767e-05 -1 0.245396
0 0 0 1
0.122854 -0.992425 -4.84936e-05 0.00853648
-0.992425 -0.122854 -2.811e-05 0.474901
2.19394e-05 5.15797e-05 -1 0.246747
0 0 0 1
0.131736 -0.991285 -5.18788e-05 0.00915712
-0.991285 -0.131736 -3.03834e-05 0.474966
2.32843e-05 5.54293e-05 -1 0.248075
0 0 0 1
0.140918 -0.990021 -5.53612e-05 0.00979953
-0.990021 -0.140918 -3.27684e-05 0.475034
2.464e-05 5.94265e-05 -1 0.249378
0 0 0 1
0.150399 -0.988625 -5.89383e-05 0.0104637
-0.988625 -0.150399 -3.52681e-05 0.475104
2.60027e-05 6.35722e-05 -1 0.250658
0 0 0 1
0.160176 -0.987088 -6.26073e-05 0.0111497
-0.987088 -0.160176 -3.78857e-05 0.475176
2.73683e-05 6.78673e-05 -1 0.251915
0 0 0 1
0.170247 -0.985401 -6.63655e-05 0.0118574
-0.985401 -0.170247 -4.06242e-05 0.475251
2.87326e-05 7.23128e-05 -1 0.253148
0 0 0 1
0.18061 -0.983555 -7.02098e-05 0.012587
-0.983555 -0.18061 -4.3487e-05 0.475328
3.00913e-05 7.69093e-05 -1 0.254357
0 0 0 1
0.191261 -0.981539 -7.41371e-05 0.0133383
-0.981539 -0.191261 -4.64774e-05 0.475407
3.14399e-05 8.16578e-05 -1 0.255543
0 0 0 1
0.202197 -0.979345 -7.81442e-05 0.0141113
-0.979345 -0.202197 -4.95987e-05 0.475489
3.27738e-05 8.65588e-05 -1 0.256705
0 0 0 1
0.213414 -0.976962 -8.22276e-05 0.0149062
-0.976962 -0.213414 -5.28544e-05 0.475573
3.40881e-05 9.16131e-05 -1 0.257843
0 0 0 1
0.22491 -0.974379 -8.63837e-05 0.0157228
-0.974379 -0.22491 -5.62477e-05 0.475659
3.5378e-05 9.68212e-05 -1 0.258958
0 0 0 1
0.23668 -0.971588 -9.06087e-05 0.0165612
-0.971588 -0.23668 -5.97823e-05 0.475747
3.66384e-05 0.000102184 -1 0.26005
0 0 0 1
0.24872 -0.968575 -9.48988e-05 0.0174214
-0.968575 -0.24872 -6.34615e-05 0.475838
3.7864e-05 0.000107701 -1 0.261117
0 0 0 1
0.261025 -0.965332 -9.92496e-05 0.0183034
-0.965332 -0.261025 -6.72889e-05 0.475931
3.90495e-05 0.000113373 -1 0.262161
0 0 0 1
0.273589 -0.961847 -0.000103657 0.0192071
-0.961847 -0.273589 -7.12678e-05 0.476027
4.01892e-05 0.0001192 -1 0.263182
0 0 0 1
0.286409 -0.958108 -0.000108116 0.0201326
-0.958108 -0.286409 -7.54018e-05 0.476124
4.12776e-05 0.000125183 -1 0.264179
0 0 0 1
0.299477 -0.954104 -0.000112623 0.0210799
-0.954104 -0.299477 -7.96944e-05 0.476224
4.23087e-05 0.000131321 -1 0.265152
0 0 0 1
0.312787 -0.949823 -0.000117173 0.022049
-0.949823 -0.312787 -8.4149e-05 0.476326
4.32766e-05 0.000137614 -1 0.266102
0 0 0 1
0.326333 -0.945255 -0.000121759 0.0230398
-0.945255 -0.326333 -8.8769e-05 0.476431
4.41753e-05 0.000144062 -1 0.267028
0 0 0 1
0.340108 -0.940386 -0.000126378 0.0240524
-0.940386 -0.340108 -9.35578e-05 0.476538
4.49983e-05 0.000150664 -1 0.26793
0 0 0 1
0.354105 -0.935206 -0.000131023 0.0250868
-0.935206 -0.354105 -9.85187e-05 0.476647
4.57393e-05 0.000157419 -1 0.268809
0 0 0 1
0.368314 -0.929701 -0.000135689 0.026143
-0.929701 -0.368314 -0.000103655 0.476758
4.63919e-05 0.000164328 -1 0.269664
0 0 0 1
0.382729 -0.923861 -0.00014037 0.027221
-0.923861 -0.382729 -0.00010897 0.476872
4.69492e-05 0.000171388 -1 0.270496
0 0 0 1
0.397196 -0.917733 0.000976579 0.0283099
-0.917734 -0.397196 0.000370879 0.476987
4.75252e-05 -0.00104355 -0.999999 0.271316
0 0 0 1
0.411564 -0.91138 -0.00106609 0.0293988
-0.911381 -0.411564 -0.000317176 0.477102
-0.000149697 0.00110215 -0.999999 0.272135
0 0 0 1
0.425831 -0.904802 0.000951752 0.0304876
-0.904803 -0.42583 0.000394775 0.477217
4.80913e-05 -0.00102926 -0.999999 0.272955
0 0 0 1
0.439992 -0.898001 -0.0010494 0.0315765
-0.898002 -0.439992 -0.000337616 0.477332
-0.00015855 0.00109091 -0.999999 0.273775
0 0 0 1
0.454045 -0.890978 0.000926186 0.0326653
-0.890979 -0.454044 0.00041788 0.477447
4.82081e-05 -0.00101495 -0.999999 0.274595
0 0 0 1
0.467985 -0.883736 -0.00103208 0.0337541
-0.883736 -0.467985 -0.00035752 0.477561
-0.000167045 0.0010794 -0.999999 0.275415
0 0 0 1
0.48181 -0.876275 0.000899907 0.034843
-0.876275 -0.48181 0.000440169 0.477676
4.78753e-05 -0.00100064 -0.999999 0.276235
0 0 0 1
0.495516 -0.868598 -0.00101414 0.0359318
-0.868599 -0.495516 -0.000376871 0.477791
-0.000175175 0.00106763 -0.999999 0.277054
0 0 0 1
0.509101 -0.860707 0.000872941 0.0370207
-0.860707 -0.5091 0.000461622 0.477906
4.70933e-05 -0.000986359 -1 0.277874
0 0 0 1
0.522559 -0.852603 -0.000995605 0.0381095
-0.852603 -0.522559 -0.000395649 0.478021
-0.00018293 0.00105561 -0.999999 0.278694
0 0 0 1
0.535888 -0.844288 0.000845314 0.0391984
-0.844289 -0.535888 0.000482218 0.478136
4.5863e-05 -0.000972104 -1 0.279514
0 0 0 1
0.549085 -0.835766 -0.000976486 0.0402872
-0.835766 -0.549085 -0.000413835 0.478251
-0.000190305 0.00104335 -0.999999 0.280334
0 0 0 1
