1 0.000203549 -0.000203673 0.108884
0.000203673 -1 0.00061102 0.485489
-0.000203549 -0.000611061 -1 0.331983
0 0 0 1
0.99988 -0.0155057 -0.000216373 0.105296
-0.0155058 -0.99988 -0.000614161 0.485374
-0.000206824 0.000617442 -1 0.331163
0 0 0 1
0.999513 -0.0312114 -0.000171482 0.101707
-0.0312113 -0.999513 0.000623314 0.485259
-0.000190853 -0.000617658 -1 0.330344
0 0 0 1
0.998899 -0.0469091 -0.00024216 0.0981179
-0.0469092 -0.998899 -0.000619755 0.485144
-0.000212821 0.000630432 -1 0.329524
0 0 0 1
0.998039 -0.0625955 -0.000138921 0.094529
-0.0625954 -0.998039 0.000634592 0.485029
-0.000178371 -0.000624652 -1 0.328704
0 0 0 1
0.996932 -0.0782662 -0.00026811 0.0909402
-0.0782663 -0.996932 -0.000624536 0.484914
-0.000218408 0.000643604 -1 0.327884
0 0 0 1
0.99558 -0.0939178 -0.000106022 0.0873514
-0.0939177 -0.99558 0.000644841 0.484799
-0.000166115 -0.000632033 -1 0.327064
0 0 0 1
0.993982 -0.109546 -0.000294198 0.0837625
-0.109546 -0.993982 -0.000628499 0.484684
-0.000223577 0.000656945 -1 0.326244
0 0 0 1
0.992138 -0.125147 -7.28164e-05 0.0801737
-0.125147 -0.992138 0.000654051 0.48457
-0.000154097 -0.000639796 -1 0.325425
0 0 0 1
0.99005 -0.140718 -0.000320397 0.0765848
-0.140718 -0.99005 -0.000631641 0.484455
-0.000228325 0.000670441 -1 0.324605
0 0 0 1
0.987717 -0.156253 -3.93383e-05 0.072996
-0.156253 -0.987717 0.000662214 0.48434
-0.000142328 -0.000647933 -1 0.323785
0 0 0 1
0.98514 -0.17175 -0.000346681 0.0694071
-0.171751 -0.98514 -0.000633958 0.484225
-0.000232647 0.000684081 -1 0.322965
0 0 0 1
0.982321 -0.187205 -5.62022e-06 0.0658183
-0.187205 -0.982321 0.000669321 0.48411
-0.000130821 -0.000656436 -1 0.322145
0 0 0 1
0.979259 -0.202614 -0.000373026 0.0622295
-0.202614 -0.979259 -0.000635449 0.483995
-0.000236538 0.000697849 -1 0.321325
0 0 0 1
0.975955 -0.217972 2.83045e-05 0.0586406
-0.217972 -0.975955 0.000675365 0.48388
-0.000119587 -0.000665295 -1 0.320506
0 0 0 1
0.97241 -0.233277 -0.000399404 0.0550518
-0.233277 -0.97241 -0.000636111 0.483765
-0.000239995 0.000711732 -1 0.319686
0 0 0 1
0.968626 -0.248524 6.24023e-05 0.0514629
-0.248524 -0.968625 0.00068034 0.48365
-0.000108637 -0.000674504 -1 0.318866
0 0 0 1
0.964602 -0.26371 -0.000425791 0.0478741
-0.26371 -0.964602 -0.000635944 0.483536
-0.000243014 0.000725718 -1 0.318046
0 0 0 1
0.96034 -0.278831 9.66396e-05 0.0442852
-0.278831 -0.96034 0.000684242 0.483421
-9.79809e-05 -0.000684051 -1 0.317226
0 0 0 1
0.955841 -0.293883 -0.000452159 0.0406964
-0.293883 -0.955841 -0.000634948 0.483306
-0.000245592 0.000739791 -1 0.316406
0 0 0 1
0.951107 -0.308862 0.000130983 0.0371075
-0.308862 -0.951107 0.000687067 0.483191
-8.76304e-05 -0.000693929 -1 0.315587
0 0 0 1
0.946137 -0.323765 -0.000478482 0.0335187
-0.323765 -0.946137 -0.000633124 0.483076
-0.000247726 0.000753938 -1 0.314767
0 0 0 1
0.940935 -0.338588 0.000165397 0.0299298
-0.338588 -0.940934 0.000688811 0.482961
-7.75953e-05 -0.000704127 -1 0.313947
0 0 0 1
0.935499 -0.353328 -0.000504736 0.026341
-0.353328 -0.935499 -0.000630474 0.482846
-0.000249415 0.000768146 -1 0.313127
0 0 0 1
0.929833 -0.367981 0.00019985 0.0227521
-0.367981 -0.929833 0.000689473 0.482731
-6.78856e-05 -0.000714636 -1 0.312307
0 0 0 1
0.923938 -0.382542 -0.000530893 0.0191633
-0.382542 -0.923938 -0.000627001 0.482616
-0.000250657 0.000782399 -1 0.311487
0 0 0 1
0.917814 -0.397009 0.000234306 0.0155745
-0.39701 -0.917814 0.000689052 0.482502
-5.85108e-05 -0.000725444 -1 0.310668
0 0 0 1
0.911464 -0.411379 -0.000556928 0.0119856
-0.411379 -0.911464 -0.000622708 0.482387
-0.000251451 0.000796685 -1 0.309848
0 0 0 1
0.904889 -0.425646 0.000268732 0.00839678
-0.425647 -0.904889 0.000687549 0.482272
-4.94801e-05 -0.000736541 -1 0.309028
0 0 0 1
0.898091 -0.439809 -0.000582815 0.00480794
-0.439809 -0.898091 -0.000617599 0.482157
-0.000251795 0.000810988 -1 0.308208
0 0 0 1
0.891071 -0.453863 0.000303094 0.0012191
-0.453863 -0.891071 0.000684966 0.482042
-4.08025e-05 -0.000747917 -1 0.307388
0 0 0 1
0.883831 -0.467805 -0.000608529 -0.00236974
-0.467806 -0.883831 -0.00061168 0.481927
-0.00025169 0.000825295 -1 0.306568
0 0 0 1
0.876373 -0.481632 0.000337358 -0.00595858
-0.481632 -0.876373 0.000681304 0.481812
-3.24866e-05 -0.000759559 -1 0.305749
0 0 0 1
0.868699 -0.49534 -0.000634045 -0.00954742
-0.49534 -0.868699 -0.000604955 0.481697
-0.000251136 0.000839592 -1 0.304929
0 0 0 1
0.860811 -0.508925 0.00037149 -0.0131363
-0.508926 -0.86081 0.000676568 0.481582
-2.45405e-05 -0.000771457 -1 0.304109
0 0 0 1
0.852709 -0.522385 -0.000659336 -0.0167251
-0.522386 -0.852709 -0.000597432 0.481468
-0.000250132 0.000853864 -1 0.303289
0 0 0 1
0.844398 -0.535716 0.000405456 -0.0203139
-0.535717 -0.844398 0.000670762 0.481353
-1.69721e-05 -0.000783599 -1 0.302469
0 0 0 1
0.835878 -0.548915 -0.000684379 -0.0239028
-0.548916 -0.835878 -0.000589119 0.481238
-0.000248681 0.000868098 -1 0.30165
0 0 0 1
0.827152 -0.561979 0.000439223 -0.0274916
-0.561979 -0.827151 0.000663891 0.481123
-9.78887e-06 -0.000795973 -1 0.30083
0 0 0 1
0.818221 -0.574903 -0.000709149 -0.0310805
-0.574904 -0.818221 -0.000580023 0.481008
-0.000246783 0.000882279 -1 0.30001
0 0 0 1
0.809089 -0.587686 0.000472757 -0.0346693
-0.587686 -0.809089 0.000655963 0.480893
-2.99791e-06 -0.000808566 -1 0.29919
0 0 0 1
0.799757 -0.600324 1.23918e-07 -0.0382581
-0.600324 -0.799757 0.00040714 0.480778
-0.000244317 -0.000325687 -1 0.29837
0 0 0 1
0.790228 -0.612814 3.26965e-06 -0.041847
-0.612814 -0.790227 0.000400715 0.480663
-0.00024298 -0.000318659 -1 0.29755
0 0 0 1
0.780503 -0.625152 6.31405e-06 -0.0454358
-0.625152 -0.780503 0.000394241 0.480549
-0.000241532 -0.000311653 -1 0.296731
0 0 0 1
0.770586 -0.637336 9.25638e-06 -0.0490247
-0.637336 -0.770586 0.00038772 0.480434
-0.000239975 -0.000304671 -1 0.295911
0 0 0 1
0.760479 -0.649363 1.20959e-05 -0.0526135
-0.649363 -0.760479 0.000381154 0.480319
-0.000238308 -0.000297714 -1 0.295091
0 0 0 1
0.750184 -0.661229 1.48319e-05 -0.0562024
-0.661229 -0.750184 0.000374544 0.480204
-0.000236533 -0.000290784 -1 0.294271
0 0 0 1
0.739704 -0.672932 1.74638e-05 -0.0597912
-0.672932 -0.739704 0.000367891 0.480089
-0.000234648 -0.000283883 -1 0.293451
0 0 0 1
0.729041 -0.68447 1.99908e-05 -0.06338
-0.68447 -0.729041 0.000361199 0.479974
-0.000232655 -0.000277012 -1 0.292631
0 0 0 1
0.718199 -0.695838 2.24124e-05 -0.0669689
-0.695838 -0.718199 0.000354467 0.479859
-0.000230555 -0.000270173 -1 0.291812
0 0 0 1
0.707179 -0.707035 2.47279e-05 -0.0705577
-0.707035 -0.707179 0.000347698 0.479744
-0.000228348 -0.000263368 -1 0.290992
0 0 0 1
0.695985 -0.718057 2.69368e-05 -0.0741466
-0.718057 -0.695985 0.000340894 0.479629
-0.000226033 -0.000256599 -1 0.290172
0 0 0 1
0.684619 -0.728902 2.90385e-05 -0.0777354
-0.728901 -0.684619 0.000334055 0.479515
-0.000223613 -0.000249867 -1 0.289352
0 0 0 1
0.673084 -0.739566 3.10326e-05 -0.0813242
-0.739566 -0.673083 0.000327185 0.4794
-0.000221088 -0.000243174 -1 0.288532
0 0 0 1
0.661382 -0.750049 3.29185e-05 -0.0849131
-0.750049 -0.661382 0.000320284 0.479285
-0.000218457 -0.000236521 -1 0.287712
0 0 0 1
0.649518 -0.760346 3.46957e-05 -0.0885019
-0.760346 -0.649518 0.000313354 0.47917
-0.000215722 -0.00022991 -1 0.286893
0 0 0 1
0.637493 -0.770456 3.63638e-05 -0.0920908
-0.770456 -0.637493 0.000306398 0.479055
-0.000212884 -0.000223343 -1 0.286073
0 0 0 1
0.625311 -0.780375 3.79225e-05 -0.0956796
-0.780375 -0.625311 0.000299416 0.47894
-0.000209943 -0.000216822 -1 0.285253
0 0 0 1
0.612975 -0.790102 3.93713e-05 -0.0992685
-0.790102 -0.612975 0.00029241 0.478825
-0.0002069 -0.000210347 -1 0.284433
0 0 0 1
0.600487 -0.799634 4.07098e-05 -0.102857
-0.799634 -0.600487 0.000285382 0.47871
-0.000203756 -0.000203921 -1 0.283613
0 0 0 1
0.587851 -0.808969 4.19378e-05 -0.106446
-0.808969 -0.587851 0.000278335 0.478595
-0.000200511 -0.000197546 -1 0.282793
0 0 0 1
0.575151 -0.818047 4.30483e-05 -0.110013
-0.818047 -0.575151 0.000271313 0.478481
-0.000197187 -0.000191261 -1 0.281966
0 0 0 1
0.562473 -0.826816 4.40371e-05 -0.113534
-0.826816 -0.562472 0.000264363 0.478369
-0.00019381 -0.000185107 -1 0.281124
0 0 0 1
0.549824 -0.83528 4.49082e-05 -0.117011
-0.83528 -0.549824 0.000257487 0.478257
-0.000190382 -0.000179084 -1 0.280267
0 0 0 1
0.537215 -0.843445 4.56652e-05 -0.120443
-0.843445 -0.537215 0.000250688 0.478147
-0.00018691 -0.00017319 -1 0.279396
0 0 0 1
0.524651 -0.851317 4.63122e-05 -0.12383
-0.851317 -0.524651 0.000243968 0.478039
-0.000183396 -0.000167424 -1 0.27851
0 0 0 1
0.512141 -0.858902 4.68528e-05 -0.127172
-0.858902 -0.512141 0.000237328 0.477932
-0.000179846 -0.000161787 -1 0.277609
0 0 0 1
0.499691 -0.866204 4.72909e-05 -0.130469
-0.866204 -0.499691 0.00023077 0.477826
-0.000176263 -0.000156277 -1 0.276693
0 0 0 1
0.487308 -0.87323 4.76303e-05 -0.133721
-0.87323 -0.487308 0.000224295 0.477722
-0.000172651 -0.000150893 -1 0.275763
0 0 0 1
0.475 -0.879986 4.78747e-05 -0.136929
-0.879986 -0.475 0.000217906 0.47762
-0.000169014 -0.000145634 -1 0.274817
0 0 0 1
0.462772 -0.886478 4.80279e-05 -0.140092
-0.886478 -0.462772 0.000211603 0.477518
-0.000165356 -0.0001405 -1 0.273857
0 0 0 1
0.45063 -0.892711 4.80934e-05 -0.143209
-0.892711 -0.45063 0.000205389 0.477419
-0.00016168 -0.000135488 -1 0.272883
0 0 0 1
0.438581 -0.898691 4.8075e-05 -0.146282
-0.898691 -0.438581 0.000199263 0.47732
-0.000157991 -0.000130598 -1 0.271893
0 0 0 1
0.426631 -0.904426 4.79763e-05 -0.14931
-0.904426 -0.426631 0.000193228 0.477223
-0.000154292 -0.000125828 -1 0.270889
0 0 0 1
0.414784 -0.90992 4.78008e-05 -0.152294
-0.90992 -0.414784 0.000187284 0.477128
-0.000150586 -0.000121177 -1 0.26987
0 0 0 1
0.403046 -0.91518 4.75521e-05 -0.155232
-0.91518 -0.403046 0.000181432 0.477034
-0.000146877 -0.000116644 -1 0.268836
0 0 0 1
0.391422 -0.920211 4.72336e-05 -0.158125
-0.920211 -0.391422 0.000175673 0.476941
-0.000143168 -0.000112227 -1 0.267788
0 0 0 1
0.379917 -0.925021 4.68489e-05 -0.160974
-0.925021 -0.379917 0.000170007 0.47685
-0.000139461 -0.000107925 -1 0.266725
0 0 0 1
0.368536 -0.929614 4.64012e-05 -0.163778
-0.929614 -0.368536 0.000164436 0.47676
-0.000135761 -0.000103736 -1 0.265647
0 0 0 1
0.357282 -0.933997 4.5894e-05 -0.166537
-0.933997 -0.357282 0.00015896 0.476672
-0.000132071 -9.96583e-05 -1 0.264554
0 0 0 1
0.346161 -0.938175 4.53306e-05 -0.169251
-0.938175 -0.346161 0.000153579 0.476585
-0.000128392 -9.5691e-05 -1 0.263446
0 0 0 1
0.335175 -0.942156 4.47141e-05 -0.17192
-0.942156 -0.335175 0.000148294 0.476499
-0.000124729 -9.18322e-05 -1 0.262324
0 0 0 1
0.32433 -0.945944 4.40479e-05 -0.174544
-0.945944 -0.32433 0.000143105 0.476415
-0.000121084 -8.80802e-05 -1 0.261187
0 0 0 1
0.313628 -0.949546 4.3335e-05 -0.177124
-0.949546 -0.313628 0.000138013 0.476333
-0.000117459 -8.44334e-05 -1 0.260035
0 0 0 1
0.303074 -0.952967 4.25785e-05 -0.179659
-0.952967 -0.303074 0.000133018 0.476252
-0.000113857 -8.08901e-05 -1 0.258869
0 0 0 1
0.29267 -0.956214 4.17815e-05 -0.182148
-0.956214 -0.29267 0.000128119 0.476172
-0.000110281 -7.74486e-05 -1 0.257688
0 0 0 1
0.282419 -0.959291 4.0947e-05 -0.184593
-0.959291 -0.282419 0.000123317 0.476094
-0.000106733 -7.41073e-05 -1 0.256492
0 0 0 1
0.272326 -0.962205 4.00778e-05 -0.186993
-0.962205 -0.272326 0.000118613 0.476017
-0.000103215 -7.08643e-05 -1 0.255281
0 0 0 1
0.262391 -0.964962 3.91769e-05 -0.189348
-0.964962 -0.262391 0.000114005 0.475942
-9.97307e-05 -6.77181e-05 -1 0.254055
0 0 0 1
0.252619 -0.967566 3.82471e-05 -0.191659
-0.967566 -0.252619 0.000109494 0.475868
-9.62811e-05 -6.46669e-05 -1 0.252815
0 0 0 1
0.243012 -0.970023 3.7291e-05 -0.193924
-0.970023 -0.243012 0.000105081 0.475795
-9.28687e-05 -6.1709e-05 -1 0.25156
0 0 0 1
0.233571 -0.97234 3.63114e-05 -0.196145
-0.97234 -0.233571 0.000100764 0.475724
-8.94956e-05 -5.88426e-05 -1 0.25029
0 0 0 1
0.2243 -0.97452 3.5311e-05 -0.198321
-0.97452 -0.2243 9.65439e-05 0.475654
-8.61637e-05 -5.60661e-05 -1 0.249006
0 0 0 1
0.2152 -0.97657 3.42923e-05 -0.200451
-0.97657 -0.2152 9.24202e-05 0.475586
-8.2875e-05 -5.33776e-05 -1 0.247706
0 0 0 1
0.206274 -0.978494 3.32578e-05 -0.202537
-0.978494 -0.206274 8.83926e-05 0.475519
-7.96315e-05 -5.07756e-05 -1 0.246392
0 0 0 1
0.197523 -0.980298 3.221e-05 -0.204579
-0.980298 -0.197523 8.4461e-05 0.475454
-7.64348e-05 -4.82584e-05 -1 0.245064
0 0 0 1
0.188949 -0.981987 3.11513e-05 -0.206575
-0.981987 -0.188949 8.0625e-05 0.47539
-7.32867e-05 -4.58242e-05 -1 0.24372
0 0 0 1
0.180554 -0.983565 3.0084e-05 -0.208526
-0.983565 -0.180554 7.68843e-05 0.475328
-7.01889e-05 -4.34713e-05 -1 0.242362
0 0 0 1
0.172339 -0.985038 2.90104e-05 -0.210433
-0.985038 -0.172339 7.32385e-05 0.475267
-6.71431e-05 -4.11982e-05 -1 0.240989
0 0 0 1
0.164305 -0.98641 2.79328e-05 -0.212295
-0.98641 -0.164305 6.96873e-05 0.475207
-6.41507e-05 -3.90032e-05 -1 0.239601
0 0 0 1
0.156455 -0.987685 2.68533e-05 -0.214111
-0.987685 -0.156455 6.62302e-05 0.475149
-6.12132e-05 -3.68846e-05 -1 0.238198
0 0 0 1
0.148789 -0.988869 2.57739e-05 -0.215883
-0.988869 -0.148789 6.28668e-05 0.475092
-5.83321e-05 -3.48409e-05 -1 0.236781
0 0 0 1
0.141309 -0.989966 2.46969e-05 -0.217611
-0.989966 -0.141309 5.95967e-05 0.475037
-5.55088e-05 -3.28706e-05 -1 0.235349
0 0 0 1
0.134015 -0.990979 2.3624e-05 -0.219293
-0.990979 -0.134015 5.64195e-05 0.474983
-5.27446e-05 -3.0972e-05 -1 0.233902
0 0 0 1
0.126908 -0.991914 2.25573e-05 -0.22093
-0.991914 -0.126908 5.33347e-05 0.474931
-5.00408e-05 -2.91436e-05 -1 0.232441
0 0 0 1
0.11999 -0.992775 2.14987e-05 -0.222523
-0.992775 -0.11999 5.03418e-05 0.47488
-4.73985e-05 -2.73839e-05 -1 0.230964
0 0 0 1
0.113262 -0.993565 2.04499e-05 -0.224071
-0.993565 -0.113262 4.74404e-05 0.47483
-4.48189e-05 -2.56915e-05 -1 0.229473
0 0 0 1
0.106723 -0.994289 1.94127e-05 -0.225573
-0.994289 -0.106723 4.46299e-05 0.474782
-4.23032e-05 -2.40649e-05 -1 0.227968
0 0 0 1
0.100375 -0.99495 1.83889e-05 -0.227031
-0.99495 -0.100375 4.19099e-05 0.474735
-3.98525e-05 -2.25027e-05 -1 0.226447
0 0 0 1
0.0942186 -0.995552 1.738e-05 -0.228444
-0.995552 -0.0942186 3.92799e-05 0.47469
-3.74676e-05 -2.10036e-05 -1 0.224912
0 0 0 1
0.0882542 -0.996098 1.63876e-05 -0.229813
-0.996098 -0.0882542 3.67394e-05 0.474646
-3.51497e-05 -1.95661e-05 -1 0.223362
0 0 0 1
0.0824822 -0.996593 1.54133e-05 -0.231136
-0.996593 -0.0824822 3.42878e-05 0.474604
-3.28996e-05 -1.81889e-05 -1 0.221797
0 0 0 1
0.0769034 -0.997039 1.44586e-05 -0.232415
-0.997039 -0.0769034 3.19248e-05 0.474563
-3.07183e-05 -1.68709e-05 -1 0.220217
0 0 0 1
0.0715179 -0.997439 1.35248e-05 -0.233648
-0.997439 -0.0715179 2.96497e-05 0.474523
-2.86065e-05 -1.56107e-05 -1 0.218623
0 0 0 1
0.0663264 -0.997798 1.26134e-05 -0.234837
-0.997798 -0.0663264 2.74622e-05 0.474485
-2.65651e-05 -1.44071e-05 -1 0.217014
0 0 0 1
0.061329 -0.998118 1.17257e-05 -0.235981
-0.998118 -0.061329 2.53618e-05 0.474449
-2.45949e-05 -1.3259e-05 -1 0.21539
0 0 0 1
0.0565262 -0.998401 1.08628e-05 -0.23708
-0.998401 -0.0565262 2.33479e-05 0.474414
-2.26965e-05 -1.21652e-05 -1 0.213752
0 0 0 1
0.0519181 -0.998651 1.00261e-05 -0.238134
-0.998651 -0.0519181 2.14202e-05 0.47438
-2.08707e-05 -1.11247e-05 -1 0.212098
0 0 0 1
0.0475052 -0.998871 9.21669e-06 -0.239144
-0.998871 -0.0475052 1.95781e-05 0.474348
-1.91181e-05 -1.01363e-05 -1 0.21043
0 0 0 1
0.0432874 -0.999063 8.43563e-06 -0.240108
-0.999063 -0.0432874 1.78212e-05 0.474317
-1.74394e-05 -9.19915e-06 -1 0.208747
0 0 0 1
0.0392652 -0.999229 7.68399e-06 -0.241028
-0.999229 -0.0392652 1.61492e-05 0.474287
-1.5835e-05 -8.31217e-06 -1 0.20705
0 0 0 1
0.0354385 -0.999372 6.96278e-06 -0.241903
-0.999372 -0.0354385 1.45615e-05 0.474259
-1.43056e-05 -7.47445e-06 -1 0.205337
0 0 0 1
0.0318076 -0.999494 6.27294e-06 -0.242733
-0.999494 -0.0318076 1.30578e-05 0.474233
-1.28517e-05 -6.6851e-06 -1 0.20361
0 0 0 1
0.0283726 -0.999597 5.61536e-06 -0.243518
-0.999597 -0.0283726 1.16377e-05 0.474208
-1.14737e-05 -5.9433e-06 -1 0.201868
0 0 0 1
0.0251336 -0.999684 4.9909e-06 -0.244258
-0.999684 -0.0251336 1.03009e-05 0.474184
-1.01722e-05 -5.24822e-06 -1 0.200112
0 0 0 1
0.0220906 -0.999756 4.40033e-06 -0.244953
-0.999756 -0.0220906 9.04686e-06 0.474162
-8.94744e-06 -4.59911e-06 -1 0.198341
0 0 0 1
0.0192438 -0.999815 3.84442e-06 -0.245604
-0.999815 -0.0192438 7.8754e-06 0.474141
-7.79996e-06 -3.99526e-06 -1 0.196554
0 0 0 1
0.0165931 -0.999862 3.32384e-06 -0.246209
-0.999862 -0.0165931 6.78615e-06 0.474121
-6.73007e-06 -3.43599e-06 -1 0.194754
0 0 0 1
0.0141387 -0.9999 2.83926e-06 -0.24677
-0.9999 -0.0141387 5.77883e-06 0.474103
-5.73811e-06 -2.92068e-06 -1 0.192938
0 0 0 1
0.0118806 -0.999929 2.39125e-06 -0.247286
-0.999929 -0.0118806 4.85314e-06 0.474087
-4.82439e-06 -2.44874e-06 -1 0.191108
0 0 0 1
0.00981872 -0.999952 1.98038e-06 -0.247757
-0.999952 -0.00981872 4.00883e-06 0.474072
-3.98919e-06 -2.01965e-06 -1 0.189263
0 0 0 1
0.00795322 -0.999968 1.60714e-06 -0.248183
-0.999968 -0.00795322 3.24566e-06 0.474058
-3.23278e-06 -1.6329e-06 -1 0.187403
0 0 0 1
0.00628406 -0.99998 1.27198e-06 -0.248564
-0.99998 -0.00628406 2.56342e-06 0.474046
-2.55538e-06 -1.28807e-06 -1 0.185528
0 0 0 1
0.00481125 -0.999988 9.75309e-07 -0.248901
-0.999988 -0.00481125 1.9619e-06 0.474035
-1.95719e-06 -9.84737e-07 -1 0.183639
0 0 0 1
0.00353481 -0.999994 7.17475e-07 -0.249192
-0.999994 -0.00353481 1.44094e-06 0.474026
-1.4384e-06 -7.22564e-07 -1 0.181735
0 0 0 1
0.00245473 -0.999997 4.98787e-07 -0.249439
-0.999997 -0.00245473 1.00039e-06 0.474018
-9.9916e-07 -5.01241e-07 -1 0.179816
0 0 0 1
0.00157103 -0.999999 3.19506e-07 -0.249641
-0.999999 -0.00157103 6.40107e-07 0.474011
-6.39604e-07 -3.20512e-07 -1 0.177882
0 0 0 1
0.000883698 -1 1.79845e-07 -0.249798
-1 -0.000883698 3.59996e-07 0.474006
-3.59837e-07 -1.80163e-07 -1 0.175934
0 0 0 1
0.000392742 -1 7.99678e-08 -0.24991
-1 -0.000392742 1.59973e-07 0.474003
-1.59942e-07 -8.00306e-08 -1 0.173971
0 0 0 1
9.81604e-05 -1 1.99927e-08 -0.249978
-1 -9.81604e-05 3.99802e-08 0.474001
-3.99782e-08 -1.99966e-08 -1 0.171993
0 0 0 1
6.12323e-17 -1 -1.22465e-16 -0.25
-1 -6.12323e-17 -7.4988e-33 0.474
0 1.22465e-16 -1 0.17
0 0 0 1
6.12323e-17 -1 0 -0.25
-1 -6.12323e-17 1.22465e-16 0.474
-1.22465e-16 -7.4988e-33 -1 0.168
0 0 0 1
6.12323e-17 -1 -1.22465e-16 -0.25
-1 -6.12323e-17 -7.4988e-33 0.474
0 1.22465e-16 -1 0.166
0 0 0 1
6.12323e-17 -1 0 -0.25
-1 -6.12323e-17 1.22465e-16 0.474
-1.22465e-16 -7.4988e-33 -1 0.164
0 0 0 1
6.12323e-17 -1 -1.22465e-16 -0.25
-1 -6.12323e-17 -7.4988e-33 0.474
0 1.22465e-16 -1 0.162
0 0 0 1
6.12323e-17 -1 0 -0.25
-1 -6.12323e-17 1.22465e-16 0.474
-1.22465e-16 -7.4988e-33 -1 0.16
0 0 0 1
6.12323e-17 -1 -1.22465e-16 -0.25
-1 -6.12323e-17 -7.4988e-33 0.474
0 1.22465e-16 -1 0.158
0 0 0 1
6.12323e-17 -1 0 -0.25
-1 -6.12323e-17 1.22465e-16 0.474
-1.22465e-16 -7.4988e-33 -1 0.156
0 0 0 1
6.12323e-17 -1 -1.22465e-16 -0.25
-1 -6.12323e-17 -7.4988e-33 0.474
0 1.22465e-16 -1 0.154
0 0 0 1
6.12323e-17 -1 0 -0.25
-1 -6.12323e-17 1.22465e-16 0.474
-1.22465e-16 -7.4988e-33 -1 0.152
0 0 0 1
6.12323e-17 -1 -1.22465e-16 -0.25
-1 -6.12323e-17 -7.4988e-33 0.474
0 1.22465e-16 -1 0.15
0 0 0 1
6.12323e-17 -1 0 -0.25
-1 -6.12323e-17 1.22465e-16 0.474
-1.22465e-16 -7.4988e-33 -1 0.148
0 0 0 1
6.12323e-17 -1 -1.22465e-16 -0.25
-1 -6.12323e-17 -7.4988e-33 0.474
0 1.22465e-16 -1 0.146
0 0 0 1
6.12323e-17 -1 0 -0.25
-1 -6.12323e-17 1.22465e-16 0.474
-1.22465e-16 -7.4988e-33 -1 0.144
0 0 0 1
6.12323e-17 -1 -1.22465e-16 -0.25
-1 -6.12323e-17 -7.4988e-33 0.474
0 1.22465e-16 -1 0.142
0 0 0 1
6.12323e-17 -1 0 -0.25
-1 -6.12323e-17 1.22465e-16 0.474
-1.22465e-16 -7.4988e-33 -1 0.14
0 0 0 1
6.12323e-17 -1 -1.22465e-16 -0.25
-1 -6.12323e-17 -7.4988e-33 0.474
0 1.22465e-16 -1 0.138
0 0 0 1
6.12323e-17 -1 0 -0.25
-1 -6.12323e-17 1.22465e-16 0.474
-1.22465e-16 -7.4988e-33 -1 0.136
0 0 0 1
6.12323e-17 -1 -1.22465e-16 -0.25
-1 -6.12323e-17 -7.4988e-33 0.474
0 1.22465e-16 -1 0.134
0 0 0 1
6.12323e-17 -1 0 -0.25
-1 -6.12323e-17 1.22465e-16 0.474
-1.22465e-16 -7.4988e-33 -1 0.132
0 0 0 1
6.12323e-17 -1 -1.22465e-16 -0.25
-1 -6.12323e-17 -7.4988e-33 0.474
0 1.22465e-16 -1 0.13
0 0 0 1
6.12323e-17 -1 -1.22465e-16 -0.25
-1 -6.12323e-17 -7.4988e-33 0.474
0 1.22465e-16 -1 0.128025
0 0 0 1
6.12323e-17 -1 -1.22465e-16 -0.25
-1 -6.12323e-17 -7.4988e-33 0.474
0 1.22465e-16 -1 0.1261
0 0 0 1
6.12323e-17 -1 -1.22465e-16 -0.25
-1 -6.12323e-17 -7.4988e-33 0.474
0 1.22465e-16 -1 0.124225
0 0 0 1
6.12323e-17 -1 -1.22465e-16 -0.25
-1 -6.12323e-17 -7.4988e-33 0.474
0 1.22465e-16 -1 0.1224
0 0 0 1
6.12323e-17 -1 -1.22465e-16 -0.25
-1 -6.12323e-17 -7.4988e-33 0.474
0 1.22465e-16 -1 0.120625
0 0 0 1
6.12323e-17 -1 -1.22465e-16 -0.25
-1 -6.12323e-17 -7.4988e-33 0.474
0 1.22465e-16 -1 0.1189
0 0 0 1
6.12323e-17 -1 -1.22465e-16 -0.25
-1 -6.12323e-17 -7.4988e-33 0.474
0 1.22465e-16 -1 0.117225
0 0 0 1
6.12323e-17 -1 -1.22465e-16 -0.25
-1 -6.12323e-17 -7.4988e-33 0.474
0 1.22465e-16 -1 0.1156
0 0 0 1
6.12323e-17 -1 -1.22465e-16 -0.25
-1 -6.12323e-17 -7.4988e-33 0.474
0 1.22465e-16 -1 0.114025
0 0 0 1
6.12323e-17 -1 -1.22465e-16 -0.25
-1 -6.12323e-17 -7.4988e-33 0.474
0 1.22465e-16 -1 0.1125
0 0 0 1
6.12323e-17 -1 -1.22465e-16 -0.25
-1 -6.12323e-17 -7.4988e-33 0.474
0 1.22465e-16 -1 0.111025
0 0 0 1
6.12323e-17 -1 -1.22465e-16 -0.25
-1 -6.12323e-17 -7.4988e-33 0.474
0 1.22465e-16 -1 0.1096
0 0 0 1
6.12323e-17 -1 -1.22465e-16 -0.25
-1 -6.12323e-17 -7.4988e-33 0.474
0 1.22465e-16 -1 0.108225
0 0 0 1
6.12323e-17 -1 -1.22465e-16 -0.25
-1 -6.12323e-17 -7.4988e-33 0.474
0 1.22465e-16 -1 0.1069
0 0 0 1
6.12323e-17 -1 -1.22465e-16 -0.25
-1 -6.12323e-17 -7.4988e-33 0.474
0 1.22465e-16 -1 0.105625
0 0 0 1
6.12323e-17 -1 -1.22465e-16 -0.25
-1 -6.12323e-17 -7.4988e-33 0.474
0 1.22465e-16 -1 0.1044
0 0 0 1
6.12323e-17 -1 -1.22465e-16 -0.25
-1 -6.12323e-17 -7.4988e-33 0.474
0 1.22465e-16 -1 0.103225
0 0 0 1
6.12323e-17 -1 -1.22465e-16 -0.25
-1 -6.12323e-17 -7.4988e-33 0.474
0 1.22465e-16 -1 0.1021
0 0 0 1
6.12323e-17 -1 -1.22465e-16 -0.25
-1 -6.12323e-17 -7.4988e-33 0.474
0 1.22465e-16 -1 0.101025
0 0 0 1
6.12323e-17 -1 -1.22465e-16 -0.25
-1 -6.12323e-17 -7.4988e-33 0.474
0 1.22465e-16 -1 0.1
0 0 0 1
6.12323e-17 -1 -1.22465e-16 -0.25
-1 -6.12323e-17 -7.4988e-33 0.474
0 1.22465e-16 -1 0.0990251
0 0 0 1
6.12323e-17 -1 -1.22465e-16 -0.25
-1 -6.12323e-17 -7.4988e-33 0.474
0 1.22465e-16 -1 0.0981001
0 0 0 1
6.12323e-17 -1 -1.22465e-16 -0.25
-1 -6.12323e-17 -7.4988e-33 0.474
0 1.22465e-16 -1 0.0972251
0 0 0 1
6.12323e-17 -1 -1.22465e-16 -0.25
-1 -6.12323e-17 -7.4988e-33 0.474
0 1.22465e-16 -1 0.0964001
0 0 0 1
6.12323e-17 -1 -1.22465e-16 -0.25
-1 -6.12323e-17 -7.4988e-33 0.474
0 1.22465e-16 -1 0.0956251
0 0 0 1
6.12323e-17 -1 -1.22465e-16 -0.25
-1 -6.12323e-17 -7.4988e-33 0.474
0 1.22465e-16 -1 0.0949001
0 0 0 1
6.12323e-17 -1 -1.22465e-16 -0.25
-1 -6.12323e-17 -7.4988e-33 0.474
0 1.22465e-16 -1 0.0942251
0 0 0 1
6.12323e-17 -1 -1.22465e-16 -0.25
-1 -6.12323e-17 -7.4988e-33 0.474
0 1.22465e-16 -1 0.0936001
0 0 0 1
6.12323e-17 -1 -1.22465e-16 -0.25
-1 -6.12323e-17 -7.4988e-33 0.474
0 1.22465e-16 -1 0.093025
0 0 0 1
6.12323e-17 -1 -1.22465e-16 -0.25
-1 -6.12323e-17 -7.4988e-33 0.474
0 1.22465e-16 -1 0.0925
0 0 0 1
6.12323e-17 -1 -1.22465e-16 -0.25
-1 -6.12323e-17 -7.4988e-33 0.474
0 1.22465e-16 -1 0.092025
0 0 0 1
6.12323e-17 -1 -1.22465e-16 -0.25
-1 -6.12323e-17 -7.4988e-33 0.474
0 1.22465e-16 -1 0.0916
0 0 0 1
6.12323e-17 -1 -1.22465e-16 -0.25
-1 -6.12323e-17 -7.4988e-33 0.474
0 1.22465e-16 -1 0.091225
0 0 0 1
6.12323e-17 -1 -1.22465e-16 -0.25
-1 -6.12323e-17 -7.4988e-33 0.474
0 1.22465e-16 -1 0.0909
0 0 0 1
6.12323e-17 -1 -1.22465e-16 -0.25
-1 -6.12323e-17 -7.4988e-33 0.474
0 1.22465e-16 -1 0.090625
0 0 0 1
6.12323e-17 -1 -1.22465e-16 -0.25
-1 -6.12323e-17 -7.4988e-33 0.474
0 1.22465e-16 -1 0.0904
0 0 0 1
6.12323e-17 -1 -1.22465e-16 -0.25
-1 -6.12323e-17 -7.4988e-33 0.474
0 1.22465e-16 -1 0.090225
0 0 0 1
6.12323e-17 -1 -1.22465e-16 -0.25
-1 -6.12323e-17 -7.4988e-33 0.474
0 1.22465e-16 -1 0.0901
0 0 0 1
6.12323e-17 -1 -1.22465e-16 -0.25
-1 -6.12323e-17 -7.4988e-33 0.474
0 1.22465e-16 -1 0.090025
0 0 0 1
6.12323e-17 -1 -1.22465e-16 -0.25
-1 -6.12323e-17 -7.4988e-33 0.474
0 1.22465e-16 -1 0.09
0 0 0 1
6.12323e-17 -1 -1.22465e-16 -0.25
-1 -6.12323e-17 -7.4988e-33 0.474
0 1.22465e-16 -1 0.090025
0 0 0 1
6.12323e-17 -1 -1.22465e-16 -0.25
-1 -6.12323e-17 -7.4988e-33 0.474
0 1.22465e-16 -1 0.0901
0 0 0 1
6.12323e-17 -1 -1.22465e-16 -0.25
-1 -6.12323e-17 -7.4988e-33 0.474
0 1.22465e-16 -1 0.090225
0 0 0 1
6.12323e-17 -1 -1.22465e-16 -0.25
-1 -6.12323e-17 -7.4988e-33 0.474
0 1.22465e-16 -1 0.0904
0 0 0 1
6.12323e-17 -1 -1.22465e-16 -0.25
-1 -6.12323e-17 -7.4988e-33 0.474
0 1.22465e-16 -1 0.090625
0 0 0 1
6.12323e-17 -1 -1.22465e-16 -0.25
-1 -6.12323e-17 -7.4988e-33 0.474
0 1.22465e-16 -1 0.0909
0 0 0 1
6.12323e-17 -1 -1.22465e-16 -0.25
-1 -6.12323e-17 -7.4988e-33 0.474
0 1.22465e-16 -1 0.091225
0 0 0 1
6.12323e-17 -1 -1.22465e-16 -0.25
-1 -6.12323e-17 -7.4988e-33 0.474
0 1.22465e-16 -1 0.0916
0 0 0 1
6.12323e-17 -1 -1.22465e-16 -0.25
-1 -6.12323e-17 -7.4988e-33 0.474
0 1.22465e-16 -1 0.092025
0 0 0 1
6.12323e-17 -1 -1.22465e-16 -0.25
-1 -6.12323e-17 -7.4988e-33 0.474
0 1.22465e-16 -1 0.0924999
0 0 0 1
6.12323e-17 -1 -1.22465e-16 -0.25
-1 -6.12323e-17 -7.4988e-33 0.474
0 1.22465e-16 -1 0.0930249
0 0 0 1
6.12323e-17 -1 -1.22465e-16 -0.25
-1 -6.12323e-17 -7.4988e-33 0.474
0 1.22465e-16 -1 0.0935999
0 0 0 1
6.12323e-17 -1 -1.22465e-16 -0.25
-1 -6.12323e-17 -7.4988e-33 0.474
0 1.22465e-16 -1 0.0942249
0 0 0 1
6.12323e-17 -1 -1.22465e-16 -0.25
-1 -6.12323e-17 -7.4988e-33 0.474
0 1.22465e-16 -1 0.0948999
0 0 0 1
6.12323e-17 -1 -1.22465e-16 -0.25
-1 -6.12323e-17 -7.4988e-33 0.474
0 1.22465e-16 -1 0.0956249
0 0 0 1
6.12323e-17 -1 -1.22465e-16 -0.25
-1 -6.12323e-17 -7.4988e-33 0.474
0 1.22465e-16 -1 0.0963999
0 0 0 1
6.12323e-17 -1 -1.22465e-16 -0.25
-1 -6.12323e-17 -7.4988e-33 0.474
0 1.22465e-16 -1 0.0972249
0 0 0 1
6.12323e-17 -1 -1.22465e-16 -0.25
-1 -6.12323e-17 -7.4988e-33 0.474
0 1.22465e-16 -1 0.0980999
0 0 0 1
6.12323e-17 -1 -1.22465e-16 -0.25
-1 -6.12323e-17 -7.4988e-33 0.474
0 1.22465e-16 -1 0.0990249
0 0 0 1
6.12323e-17 -1 -1.22465e-16 -0.25
-1 -6.12323e-17 -7.4988e-33 0.474
0 1.22465e-16 -1 0.0999999
0 0 0 1
6.12323e-17 -1 -1.22465e-16 -0.25
-1 -6.12323e-17 -7.4988e-33 0.474
0 1.22465e-16 -1 0.101025
0 0 0 1
6.12323e-17 -1 -1.22465e-16 -0.25
-1 -6.12323e-17 -7.4988e-33 0.474
0 1.22465e-16 -1 0.1021
0 0 0 1
6.12323e-17 -1 -1.22465e-16 -0.25
-1 -6.12323e-17 -7.4988e-33 0.474
0 1.22465e-16 -1 0.103225
0 0 0 1
6.12323e-17 -1 -1.22465e-16 -0.25
-1 -6.12323e-17 -7.4988e-33 0.474
0 1.22465e-16 -1 0.1044
0 0 0 1
6.12323e-17 -1 -1.22465e-16 -0.25
-1 -6.12323e-17 -7.4988e-33 0.474
0 1.22465e-16 -1 0.105625
0 0 0 1
6.12323e-17 -1 -1.22465e-16 -0.25
-1 -6.12323e-17 -7.4988e-33 0.474
0 1.22465e-16 -1 0.1069
0 0 0 1
6.12323e-17 -1 -1.22465e-16 -0.25
-1 -6.12323e-17 -7.4988e-33 0.474
0 1.22465e-16 -1 0.108225
0 0 0 1
6.12323e-17 -1 -1.22465e-16 -0.25
-1 -6.12323e-17 -7.4988e-33 0.474
0 1.22465e-16 -1 0.1096
0 0 0 1
6.12323e-17 -1 -1.22465e-16 -0.25
-1 -6.12323e-17 -7.4988e-33 0.474
0 1.22465e-16 -1 0.111025
0 0 0 1
6.12323e-17 -1 -1.22465e-16 -0.25
-1 -6.12323e-17 -7.4988e-33 0.474
0 1.22465e-16 -1 0.1125
0 0 0 1
6.12323e-17 -1 -1.22465e-16 -0.25
-1 -6.12323e-17 -7.4988e-33 0.474
0 1.22465e-16 -1 0.114025
0 0 0 1
6.12323e-17 -1 -1.22465e-16 -0.25
-1 -6.12323e-17 -7.4988e-33 0.474
0 1.22465e-16 -1 0.1156
0 0 0 1
6.12323e-17 -1 -1.22465e-16 -0.25
-1 -6.12323e-17 -7.4988e-33 0.474
0 1.22465e-16 -1 0.117225
0 0 0 1
6.12323e-17 -1 -1.22465e-16 -0.25
-1 -6.12323e-17 -7.4988e-33 0.474
0 1.22465e-16 -1 0.1189
0 0 0 1
6.12323e-17 -1 -1.22465e-16 -0.25
-1 -6.12323e-17 -7.4988e-33 0.474
0 1.22465e-16 -1 0.120625
0 0 0 1
6.12323e-17 -1 -1.22465e-16 -0.25
-1 -6.12323e-17 -7.4988e-33 0.474
0 1.22465e-16 -1 0.1224
0 0 0 1
6.12323e-17 -1 -1.22465e-16 -0.25
-1 -6.12323e-17 -7.4988e-33 0.474
0 1.22465e-16 -1 0.124225
0 0 0 1
6.12323e-17 -1 -1.22465e-16 -0.25
-1 -6.12323e-17 -7.4988e-33 0.474
0 1.22465e-16 -1 0.1261
0 0 0 1
6.12323e-17 -1 -1.22465e-16 -0.25
-1 -6.12323e-17 -7.4988e-33 0.474
0 1.22465e-16 -1 0.128025
0 0 0 1
6.12323e-17 -1 -1.22465e-16 -0.25
-1 -6.12323e-17 -7.4988e-33 0.474
0 1.22465e-16 -1 0.13
0 0 0 1
6.12323e-17 -1 0 -0.25
-1 -6.12323e-17 1.22465e-16 0.474
-1.22465e-16 -7.4988e-33 -1 0.132
0 0 0 1
6.12323e-17 -1 -1.22465e-16 -0.25
-1 -6.12323e-17 -7.4988e-33 0.474
0 1.22465e-16 -1 0.134
0 0 0 1
6.12323e-17 -1 0 -0.25
-1 -6.12323e-17 1.22465e-16 0.474
-1.22465e-16 -7.4988e-33 -1 0.136
0 0 0 1
6.12323e-17 -1 -1.22465e-16 -0.25
-1 -6.12323e-17 -7.4988e-33 0.474
0 1.22465e-16 -1 0.138
0 0 0 1
6.12323e-17 -1 0 -0.25
-1 -6.12323e-17 1.22465e-16 0.474
-1.22465e-16 -7.4988e-33 -1 0.14
0 0 0 1
6.12323e-17 -1 -1.22465e-16 -0.25
-1 -6.12323e-17 -7.4988e-33 0.474
0 1.22465e-16 -1 0.142
0 0 0 1
6.12323e-17 -1 0 -0.25
-1 -6.12323e-17 1.22465e-16 0.474
-1.22465e-16 -7.4988e-33 -1 0.144
0 0 0 1
6.12323e-17 -1 -1.22465e-16 -0.25
-1 -6.12323e-17 -7.4988e-33 0.474
0 1.22465e-16 -1 0.146
0 0 0 1
6.12323e-17 -1 0 -0.25
-1 -6.12323e-17 1.22465e-16 0.474
-1.22465e-16 -7.4988e-33 -1 0.148
0 0 0 1
6.12323e-17 -1 -1.22465e-16 -0.25
-1 -6.12323e-17 -7.4988e-33 0.474
0 1.22465e-16 -1 0.15
0 0 0 1
6.12323e-17 -1 0 -0.25
-1 -6.12323e-17 1.22465e-16 0.474
-1.22465e-16 -7.4988e-33 -1 0.152
0 0 0 1
6.12323e-17 -1 -1.22465e-16 -0.25
-1 -6.12323e-17 -7.4988e-33 0.474
0 1.22465e-16 -1 0.154
0 0 0 1
6.12323e-17 -1 0 -0.25
-1 -6.12323e-17 1.22465e-16 0.474
-1.22465e-16 -7.4988e-33 -1 0.156
0 0 0 1
6.12323e-17 -1 -1.22465e-16 -0.25
-1 -6.12323e-17 -7.4988e-33 0.474
0 1.22465e-16 -1 0.158
0 0 0 1
6.12323e-17 -1 0 -0.25
-1 -6.12323e-17 1.22465e-16 0.474
-1.22465e-16 -7.4988e-33 -1 0.16
0 0 0 1
6.12323e-17 -1 -1.22465e-16 -0.25
-1 -6.12323e-17 -7.4988e-33 0.474
0 1.22465e-16 -1 0.162
0 0 0 1
6.12323e-17 -1 0 -0.25
-1 -6.12323e-17 1.22465e-16 0.474
-1.22465e-16 -7.4988e-33 -1 0.164
0 0 0 1
6.12323e-17 -1 -1.22465e-16 -0.25
-1 -6.12323e-17 -7.4988e-33 0.474
0 1.22465e-16 -1 0.166
0 0 0 1
6.12323e-17 -1 0 -0.25
-1 -6.12323e-17 1.22465e-16 0.474
-1.22465e-16 -7.4988e-33 -1 0.168
0 0 0 1
6.12323e-17 -1 -1.22465e-16 -0.25
-1 -6.12323e-17 -7.4988e-33 0.474
0 1.22465e-16 -1 0.17
0 0 0 1
9.81762e-05 -1 -3.99846e-08 -0.249978
-1 -9.81762e-05 -1.99999e-08 0.474001
1.99959e-08 3.99866e-08 -1 0.171993
0 0 0 1
0.000392727 -1 -1.59936e-07 -0.24991
-1 -0.000392727 -8.00275e-08 0.474003
7.99647e-08 1.59967e-07 -1 0.17397
0 0 0 1
0.000883652 -1 -3.59818e-07 -0.249798
-1 -0.000883652 -1.80154e-07 0.474006
1.79836e-07 3.59977e-07 -1 0.175933
0 0 0 1
0.00157095 -0.999999 -6.39572e-07 -0.249641
-0.999999 -0.00157095 -3.20496e-07 0.474011
3.19491e-07 6.40075e-07 -1 0.177882
0 0 0 1
0.00245462 -0.999997 -9.99116e-07 -0.249439
-0.999997 -0.00245462 -5.01219e-07 0.474018
4.98765e-07 1.00034e-06 -1 0.179815
0 0 0 1
0.00353467 -0.999994 -1.43834e-06 -0.249193
-0.999994 -0.00353467 -7.22535e-07 0.474026
7.17446e-07 1.44089e-06 -1 0.181734
0 0 0 1
0.00481108 -0.999988 -1.95712e-06 -0.248901
-0.999988 -0.00481108 -9.84702e-07 0.474035
9.75275e-07 1.96183e-06 -1 0.183638
0 0 0 1
0.00628386 -0.99998 -2.55529e-06 -0.248564
-0.99998 -0.00628386 -1.28803e-06 0.474046
1.27194e-06 2.56334e-06 -1 0.185528
0 0 0 1
0.00795299 -0.999968 -3.23268e-06 -0.248183
-0.999968 -0.00795299 -1.63286e-06 0.474058
1.60709e-06 3.24557e-06 -1 0.187402
0 0 0 1
0.00981846 -0.999952 -3.98909e-06 -0.247757
-0.999952 -0.00981846 -2.01959e-06 0.474072
1.98033e-06 4.00872e-06 -1 0.189262
0 0 0 1
0.0118803 -0.999929 -4.82427e-06 -0.247286
-0.999929 -0.0118803 -2.44868e-06 0.474087
2.39119e-06 4.85302e-06 -1 0.191107
0 0 0 1
0.0141384 -0.9999 -5.73797e-06 -0.24677
-0.9999 -0.0141384 -2.92061e-06 0.474103
2.83919e-06 5.77869e-06 -1 0.192938
0 0 0 1
0.0165927 -0.999862 -6.72992e-06 -0.246209
-0.999862 -0.0165927 -3.43591e-06 0.474121
3.32377e-06 6.78601e-06 -1 0.194753
0 0 0 1
0.0192434 -0.999815 -7.7998e-06 -0.245604
-0.999815 -0.0192434 -3.99517e-06 0.474141
3.84434e-06 7.87524e-06 -1 0.196554
0 0 0 1
0.0220902 -0.999756 -8.94728e-06 -0.244953
-0.999756 -0.0220902 -4.59902e-06 0.474162
4.40025e-06 9.04669e-06 -1 0.19834
0 0 0 1
0.0251331 -0.999684 -1.0172e-05 -0.244258
-0.999684 -0.0251331 -5.24812e-06 0.474184
4.99081e-06 1.03007e-05 -1 0.200112
0 0 0 1
0.0283721 -0.999597 -1.14735e-05 -0.243518
-0.999597 -0.0283721 -5.94319e-06 0.474208
5.61527e-06 1.16375e-05 -1 0.201868
0 0 0 1
0.0318071 -0.999494 -1.28515e-05 -0.242733
-0.999494 -0.0318071 -6.68499e-06 0.474233
6.27284e-06 1.30576e-05 -1 0.20361
0 0 0 1
0.035438 -0.999372 -1.43054e-05 -0.241903
-0.999372 -0.035438 -7.47433e-06 0.474259
6.96268e-06 1.45613e-05 -1 0.205337
0 0 0 1
0.0392646 -0.999229 -1.58348e-05 -0.241028
-0.999229 -0.0392646 -8.31204e-06 0.474287
7.68388e-06 1.61489e-05 -1 0.207049
0 0 0 1
0.0432868 -0.999063 -1.74391e-05 -0.240108
-0.999063 -0.0432868 -9.19902e-06 0.474317
8.43551e-06 1.7821e-05 -1 0.208747
0 0 0 1
0.0475045 -0.998871 -1.91179e-05 -0.239144
-0.998871 -0.0475045 -1.01362e-05 0.474348
9.21657e-06 1.95778e-05 -1 0.21043
0 0 0 1
0.0519175 -0.998651 -2.08705e-05 -0.238134
-0.998651 -0.0519175 -1.11245e-05 0.47438
1.0026e-05 2.14199e-05 -1 0.212098
0 0 0 1
0.0565255 -0.998401 -2.26963e-05 -0.23708
-0.998401 -0.0565255 -1.21651e-05 0.474414
1.08627e-05 2.33476e-05 -1 0.213751
0 0 0 1
0.0613283 -0.998118 -2.45946e-05 -0.235981
-0.998118 -0.0613283 -1.32589e-05 0.474449
1.17255e-05 2.53615e-05 -1 0.21539
0 0 0 1
0.0663256 -0.997798 -2.65648e-05 -0.234837
-0.997798 -0.0663256 -1.4407e-05 0.474485
1.26133e-05 2.74619e-05 -1 0.217014
0 0 0 1
0.0715171 -0.997439 -2.86062e-05 -0.233648
-0.997439 -0.0715171 -1.56105e-05 0.474523
1.35247e-05 2.96494e-05 -1 0.218623
0 0 0 1
0.0769025 -0.997039 -3.0718e-05 -0.232415
-0.997039 -0.0769025 -1.68707e-05 0.474563
1.44585e-05 3.19244e-05 -1 0.220217
0 0 0 1
0.0824814 -0.996593 -3.28993e-05 -0.231136
-0.996593 -0.0824814 -1.81887e-05 0.474604
1.54132e-05 3.42874e-05 -1 0.221797
0 0 0 1
0.0882533 -0.996098 -3.51494e-05 -0.229813
-0.996098 -0.0882533 -1.95659e-05 0.474646
1.63875e-05 3.6739e-05 -1 0.223361
0 0 0 1
0.0942177 -0.995552 -3.74673e-05 -0.228445
-0.995552 -0.0942177 -2.10033e-05 0.47469
1.73798e-05 3.92795e-05 -1 0.224911
0 0 0 1
0.100374 -0.99495 -3.98521e-05 -0.227032
-0.99495 -0.100374 -2.25025e-05 0.474735
1.83887e-05 4.19095e-05 -1 0.226447
0 0 0 1
0.106722 -0.994289 -4.23029e-05 -0.225574
-0.994289 -0.106722 -2.40647e-05 0.474782
1.94126e-05 4.46295e-05 -1 0.227967
0 0 0 1
0.113261 -0.993565 -4.48185e-05 -0.224071
-0.993565 -0.113261 -2.56912e-05 0.47483
2.04498e-05 4.744e-05 -1 0.229473
0 0 0 1
0.119989 -0.992775 -4.73981e-05 -0.222523
-0.992775 -0.119989 -2.73836e-05 0.47488
2.14985e-05 5.03414e-05 -1 0.230964
0 0 0 1
0.126907 -0.991915 -5.00404e-05 -0.220931
-0.991915 -0.126907 -2.91433e-05 0.474931
2.25572e-05 5.33342e-05 -1 0.232441
0 0 0 1
0.134014 -0.990979 -5.27442e-05 -0.219293
-0.990979 -0.134014 -3.09717e-05 0.474983
2.36238e-05 5.6419e-05 -1 0.233902
0 0 0 1
0.141308 -0.989966 -5.55084e-05 -0.217611
-0.989966 -0.141307 -3.28703e-05 0.475037
2.46967e-05 5.95962e-05 -1 0.235349
0 0 0 1
0.148788 -0.988869 -5.83317e-05 -0.215884
-0.988869 -0.148788 -3.48406e-05 0.475092
2.57738e-05 6.28663e-05 -1 0.236781
0 0 0 1
0.156454 -0.987685 -6.12127e-05 -0.214112
-0.987685 -0.156454 -3.68843e-05 0.475149
2.68531e-05 6.62296e-05 -1 0.238198
0 0 0 1
0.164304 -0.98641 -6.41502e-05 -0.212295
-0.98641 -0.164304 -3.90028e-05 0.475207
2.79326e-05 6.96867e-05 -1 0.239601
0 0 0 1
0.172337 -0.985038 -6.71426e-05 -0.210433
-0.985038 -0.172337 -4.11978e-05 0.475267
2.90103e-05 7.32379e-05 -1 0.240989
0 0 0 1
0.180552 -0.983565 -7.01884e-05 -0.208527
-0.983565 -0.180552 -4.34709e-05 0.475328
3.00838e-05 7.68837e-05 -1 0.242362
0 0 0 1
0.188947 -0.981987 -7.32862e-05 -0.206575
-0.981987 -0.188947 -4.58238e-05 0.47539
3.11511e-05 8.06244e-05 -1 0.24372
0 0 0 1
0.197521 -0.980299 -7.64343e-05 -0.204579
-0.980299 -0.197521 -4.8258e-05 0.475454
3.22098e-05 8.44604e-05 -1 0.245063
0 0 0 1
0.206272 -0.978495 -7.96309e-05 -0.202538
-0.978495 -0.206272 -5.07752e-05 0.475519
3.32576e-05 8.8392e-05 -1 0.246392
0 0 0 1
0.215199 -0.97657 -8.28745e-05 -0.200452
-0.97657 -0.215199 -5.33772e-05 0.475586
3.42921e-05 9.24195e-05 -1 0.247706
0 0 0 1
0.224298 -0.974521 -8.61632e-05 -0.198321
-0.974521 -0.224298 -5.60656e-05 0.475654
3.53108e-05 9.65432e-05 -1 0.249005
0 0 0 1
0.23357 -0.97234 -8.9495e-05 -0.196145
-0.97234 -0.23357 -5.88421e-05 0.475724
3.63113e-05 0.000100763 -1 0.25029
0 0 0 1
0.24301 -0.970024 -9.28682e-05 -0.193925
-0.970024 -0.24301 -6.17085e-05 0.475795
3.72908e-05 0.00010508 -1 0.25156
0 0 0 1
0.252618 -0.967566 -9.62806e-05 -0.191659
-0.967566 -0.252618 -6.46664e-05 0.475868
3.82469e-05 0.000109494 -1 0.252815
0 0 0 1
0.26239 -0.964962 -9.97302e-05 -0.189349
-0.964962 -0.26239 -6.77176e-05 0.475942
3.91768e-05 0.000114004 -1 0.254055
0 0 0 1
0.272324 -0.962206 -0.000103215 -0.186994
-0.962206 -0.272324 -7.08638e-05 0.476017
4.00777e-05 0.000118612 -1 0.255281
0 0 0 1
0.282418 -0.959292 -0.000106732 -0.184594
-0.959292 -0.282418 -7.41067e-05 0.476094
4.09469e-05 0.000123316 -1 0.256491
0 0 0 1
0.292668 -0.956214 -0.00011028 -0.182149
-0.956214 -0.292668 -7.7448e-05 0.476172
4.17814e-05 0.000128118 -1 0.257687
0 0 0 1
0.303072 -0.952968 -0.000113856 -0.179659
-0.952968 -0.303072 -8.08895e-05 0.476252
4.25784e-05 0.000133017 -1 0.258869
0 0 0 1
0.313627 -0.949546 -0.000117458 -0.177124
-0.949546 -0.313627 -8.44328e-05 0.476333
4.33349e-05 0.000138012 -1 0.260035
0 0 0 1
0.324328 -0.945945 -0.000121083 -0.174545
-0.945945 -0.324328 -8.80796e-05 0.476415
4.40478e-05 0.000143104 -1 0.261187
0 0 0 1
0.335173 -0.942156 -0.000124728 -0.171921
-0.942156 -0.335173 -9.18316e-05 0.476499
4.4714e-05 0.000148293 -1 0.262324
0 0 0 1
0.346159 -0.938176 -0.000128392 -0.169251
-0.938176 -0.346159 -9.56904e-05 0.476585
4.53305e-05 0.000153578 -1 0.263446
0 0 0 1
0.35728 -0.933997 -0.00013207 -0.166537
-0.933997 -0.35728 -9.96577e-05 0.476672
4.58939e-05 0.000158959 -1 0.264554
0 0 0 1
0.368534 -0.929614 -0.000135761 -0.163778
-0.929614 -0.368534 -0.000103735 0.47676
4.64011e-05 0.000164435 -1 0.265646
0 0 0 1
0.379915 -0.925021 -0.000139461 -0.160975
-0.925021 -0.379915 -0.000107924 0.47685
4.68488e-05 0.000170006 -1 0.266724
0 0 0 1
0.39142 -0.920212 -0.000143167 -0.158126
-0.920212 -0.39142 -0.000112226 0.476941
4.72336e-05 0.000175672 -1 0.267788
0 0 0 1
0.403044 -0.915181 -0.000146876 -0.155232
-0.915181 -0.403044 -0.000116643 0.477034
4.7552e-05 0.000181431 -1 0.268836
0 0 0 1
0.414782 -0.909921 -0.000150586 -0.152294
-0.909921 -0.414782 -0.000121176 0.477128
4.78008e-05 0.000187283 -1 0.26987
0 0 0 1
0.426629 -0.904427 -0.000154291 -0.149311
-0.904427 -0.426629 -0.000125827 0.477223
4.79763e-05 0.000193227 -1 0.270889
0 0 0 1
0.438579 -0.898692 -0.000157991 -0.146283
-0.898692 -0.438579 -0.000130597 0.47732
4.8075e-05 0.000199262 -1 0.271893
0 0 0 1
0.450628 -0.892712 -0.00016168 -0.14321
-0.892712 -0.450628 -0.000135487 0.477419
4.80934e-05 0.000205388 -1 0.272883
0 0 0 1
0.46277 -0.886479 -0.000165355 -0.140092
-0.886479 -0.46277 -0.000140499 0.477518
4.80279e-05 0.000211602 -1 0.273857
0 0 0 1
0.474998 -0.879987 -0.000169013 -0.136929
-0.879987 -0.474998 -0.000145634 0.47762
4.78748e-05 0.000217905 -1 0.274817
0 0 0 1
0.487306 -0.873231 -0.00017265 -0.133722
-0.873231 -0.487306 -0.000150892 0.477722
4.76304e-05 0.000224294 -1 0.275762
0 0 0 1
0.499689 -0.866205 -0.000176262 -0.130469
-0.866205 -0.499689 -0.000156276 0.477826
4.7291e-05 0.000230769 -1 0.276693
0 0 0 1
0.512139 -0.858903 -0.000179845 -0.127172
-0.858903 -0.512139 -0.000161786 0.477932
4.68529e-05 0.000237327 -1 0.277609
0 0 0 1
0.524649 -0.851319 -0.000183396 -0.12383
-0.851319 -0.524649 -0.000167423 0.478039
4.63123e-05 0.000243967 -1 0.27851
0 0 0 1
0.537213 -0.843447 -0.000186909 -0.120443
-0.843447 -0.537213 -0.000173189 0.478147
4.56653e-05 0.000250687 -1 0.279396
0 0 0 1
0.549822 -0.835282 -0.000190382 -0.117011
-0.835282 -0.549822 -0.000179083 0.478257
4.49083e-05 0.000257486 -1 0.280267
0 0 0 1
0.56247 -0.826817 -0.000193809 -0.113535
-0.826817 -0.56247 -0.000185106 0.478369
4.40373e-05 0.000264362 -1 0.281124
0 0 0 1
