1 0.000203673 -0.000203549 0.108884
0.000203549 -1 -0.000611061 0.485489
-0.000203673 0.00061102 -1 0.331983
0 0 0 1
0.99988 -0.0155057 -0.0002067 0.107796
-0.0155058 -0.99988 -0.000604638 0.485374
-0.000197299 0.000607771 -1 0.331163
0 0 0 1
0.999513 -0.0312112 -0.000209749 0.106707
-0.0312113 -0.999513 -0.000598167 0.485259
-0.000190978 0.000604422 -1 0.330344
0 0 0 1
0.998899 -0.0469091 -0.000212697 0.105618
-0.0469092 -0.998899 -0.000591649 0.485144
-0.000184709 0.000600975 -1 0.329524
0 0 0 1
0.998039 -0.0625954 -0.000215542 0.104529
-0.0625955 -0.998039 -0.000585085 0.485029
-0.000178496 0.000597429 -1 0.328704
0 0 0 1
0.996932 -0.0782662 -0.000218283 0.10344
-0.0782663 -0.996932 -0.000578477 0.484914
-0.000172338 0.000593786 -1 0.327884
0 0 0 1
0.99558 -0.0939177 -0.000220921 0.102351
-0.0939178 -0.99558 -0.000571827 0.484799
-0.000166239 0.000590047 -1 0.327064
0 0 0 1
0.993982 -0.109546 -0.000223453 0.101263
-0.109546 -0.993982 -0.000565136 0.484684
-0.0001602 0.000586213 -1 0.326244
0 0 0 1
0.992138 -0.125147 -0.00022588 0.100174
-0.125147 -0.992138 -0.000558406 0.48457
-0.000154221 0.000582284 -1 0.325425
0 0 0 1
0.99005 -0.140718 -0.000228201 0.0990848
-0.140718 -0.99005 -0.000551639 0.484455
-0.000148305 0.000578262 -1 0.324605
0 0 0 1
0.987717 -0.156253 -0.000230415 0.097996
-0.156253 -0.987717 -0.000544837 0.48434
-0.000142453 0.000574148 -1 0.323785
0 0 0 1
0.98514 -0.171751 -0.000232523 0.0969071
-0.171751 -0.98514 -0.000538 0.484225
-0.000136666 0.000569942 -1 0.322965
0 0 0 1
0.982321 -0.187205 -0.000234522 0.0958183
-0.187205 -0.982321 -0.000531131 0.48411
-0.000130946 0.000565645 -1 0.322145
0 0 0 1
0.979259 -0.202614 -0.000236414 0.0947294
-0.202614 -0.979259 -0.000524232 0.483995
-0.000125294 0.000561259 -1 0.321325
0 0 0 1
0.975955 -0.217972 -0.000238197 0.0936406
-0.217972 -0.975955 -0.000517304 0.48388
-0.000119711 0.000556785 -1 0.320506
0 0 0 1
0.97241 -0.233277 -0.000239871 0.0925518
-0.233277 -0.97241 -0.000510348 0.483765
-0.0001142 0.000552224 -1 0.319686
0 0 0 1
0.968626 -0.248524 -0.000241435 0.0914629
-0.248524 -0.968626 -0.000503367 0.48365
-0.000108761 0.000547577 -1 0.318866
0 0 0 1
0.964602 -0.26371 -0.000242889 0.0903741
-0.26371 -0.964602 -0.000496363 0.483536
-0.000103396 0.000542845 -1 0.318046
0 0 0 1
0.96034 -0.278831 -0.000244234 0.0892852
-0.278831 -0.96034 -0.000489336 0.483421
-9.81053e-05 0.000538029 -1 0.317226
0 0 0 1
0.955841 -0.293883 -0.000245467 0.0881964
-0.293883 -0.955841 -0.00048229 0.483306
-9.28913e-05 0.000533131 -1 0.316406
0 0 0 1
0.951107 -0.308862 -0.00024659 0.0871075
-0.308862 -0.951107 -0.000475224 0.483191
-8.77548e-05 0.000528151 -1 0.315587
0 0 0 1
0.946137 -0.323765 -0.000247602 0.0860187
-0.323765 -0.946137 -0.000468142 0.483076
-8.26972e-05 0.000523092 -1 0.314767
0 0 0 1
0.940935 -0.338588 -0.000248502 0.0849298
-0.338589 -0.940934 -0.000461045 0.482961
-7.77198e-05 0.000517953 -1 0.313947
0 0 0 1
0.935499 -0.353328 -0.000249291 0.083841
-0.353328 -0.935499 -0.000453935 0.482846
-7.28236e-05 0.000512737 -1 0.313127
0 0 0 1
0.929833 -0.367981 -0.000249968 0.0827522
-0.367981 -0.929833 -0.000446813 0.482731
-6.801e-05 0.000507445 -1 0.312307
0 0 0 1
0.923938 -0.382542 -0.000250533 0.0816633
-0.382542 -0.923938 -0.000439681 0.482616
-6.32802e-05 0.000502078 -1 0.311487
0 0 0 1
0.917814 -0.39701 -0.000250986 0.0805745
-0.39701 -0.917814 -0.000432542 0.482502
-5.86352e-05 0.000496637 -1 0.310668
0 0 0 1
0.911464 -0.411379 -0.000251326 0.0794856
-0.411379 -0.911464 -0.000425396 0.482387
-5.40763e-05 0.000491124 -1 0.309848
0 0 0 1
0.904889 -0.425647 -0.000251555 0.0783968
-0.425647 -0.904889 -0.000418246 0.482272
-4.96045e-05 0.000485539 -1 0.309028
0 0 0 1
0.898091 -0.439809 -0.000251671 0.0773079
-0.439809 -0.898091 -0.000411093 0.482157
-4.52211e-05 0.000479886 -1 0.308208
0 0 0 1
0.891071 -0.453863 -0.000251675 0.0762191
-0.453863 -0.891071 -0.000403939 0.482042
-4.0927e-05 0.000474164 -1 0.307388
0 0 0 1
0.883831 -0.467806 -0.000251566 0.0751303
-0.467806 -0.883831 -0.000396785 0.481927
-3.67233e-05 0.000468375 -1 0.306568
0 0 0 1
0.876373 -0.481632 -0.000251345 0.0740414
-0.481632 -0.876373 -0.000389635 0.481812
-3.2611e-05 0.000462521 -1 0.305749
0 0 0 1
0.868699 -0.49534 -0.000251011 0.0729526
-0.49534 -0.868699 -0.000382489 0.481697
-2.85912e-05 0.000456604 -1 0.304929
0 0 0 1
0.86081 -0.508926 -0.000250566 0.0718637
-0.508926 -0.86081 -0.000375349 0.481582
-2.46649e-05 0.000450623 -1 0.304109
0 0 0 1
0.852709 -0.522386 -0.000250008 0.0707749
-0.522386 -0.852709 -0.000368217 0.481468
-2.08331e-05 0.000444582 -1 0.303289
0 0 0 1
0.844398 -0.535717 -0.000249338 0.069686
-0.535717 -0.844398 -0.000361094 0.481353
-1.70965e-05 0.000438482 -1 0.302469
0 0 0 1
0.835878 -0.548915 -0.000248557 0.0685972
-0.548915 -0.835878 -0.000353983 0.481238
-1.34563e-05 0.000432323 -1 0.30165
0 0 0 1
0.827152 -0.561979 -0.000247664 0.0675084
-0.561979 -0.827152 -0.000346885 0.481123
-9.91332e-06 0.000426108 -1 0.30083
0 0 0 1
0.818221 -0.574903 -0.000246659 0.0664195
-0.574903 -0.818221 -0.000339802 0.481008
-6.46838e-06 0.000419838 -1 0.30001
0 0 0 1
0.809089 -0.587686 -0.000245543 0.0653307
-0.587686 -0.809089 -0.000332735 0.480893
-3.12236e-06 0.000413515 -1 0.29919
0 0 0 1
0.799757 -0.600324 -0.000244317 0.0642418
-0.600324 -0.799757 -0.000325687 0.480778
1.23918e-07 0.00040714 -1 0.29837
0 0 0 1
0.790228 -0.612814 -0.00024298 0.063153
-0.612814 -0.790227 -0.000318659 0.480663
3.26965e-06 0.000400715 -1 0.29755
0 0 0 1
0.780503 -0.625152 -0.000241532 0.0620641
-0.625152 -0.780503 -0.000311653 0.480549
6.31405e-06 0.000394241 -1 0.296731
0 0 0 1
0.770586 -0.637336 -0.000239975 0.0609753
-0.637336 -0.770586 -0.000304671 0.480434
9.25638e-06 0.00038772 -1 0.295911
0 0 0 1
0.760479 -0.649363 -0.000238308 0.0598864
-0.649363 -0.760479 -0.000297714 0.480319
1.20959e-05 0.000381154 -1 0.295091
0 0 0 1
0.750184 -0.661229 -0.000236533 0.0587976
-0.661229 -0.750184 -0.000290784 0.480204
1.48319e-05 0.000374544 -1 0.294271
0 0 0 1
0.739704 -0.672932 -0.000234648 0.0577088
-0.672932 -0.739704 -0.000283883 0.480089
1.74638e-05 0.000367891 -1 0.293451
0 0 0 1
0.729041 -0.68447 -0.000232655 0.0566199
-0.68447 -0.729041 -0.000277012 0.479974
1.99908e-05 0.000361199 -1 0.292631
0 0 0 1
0.718199 -0.695838 -0.000230555 0.0555311
-0.695838 -0.718199 -0.000270173 0.479859
2.24124e-05 0.000354467 -1 0.291812
0 0 0 1
0.707179 -0.707035 -0.000228348 0.0544422
-0.707035 -0.707179 -0.000263368 0.479744
2.47279e-05 0.000347698 -1 0.290992
0 0 0 1
0.695985 -0.718057 -0.000226033 0.0533534
-0.718057 -0.695985 -0.000256599 0.479629
2.69368e-05 0.000340894 -1 0.290172
0 0 0 1
0.684619 -0.728901 -0.000223613 0.0522645
-0.728902 -0.684619 -0.000249867 0.479515
2.90385e-05 0.000334055 -1 0.289352
0 0 0 1
0.673084 -0.739566 -0.000221088 0.0511757
-0.739566 -0.673083 -0.000243174 0.4794
3.10326e-05 0.000327185 -1 0.288532
0 0 0 1
0.661382 -0.750049 -0.000218457 0.0500869
-0.750049 -0.661382 -0.000236521 0.479285
3.29185e-05 0.000320284 -1 0.287712
0 0 0 1
0.649518 -0.760346 -0.000215722 0.048998
-0.760346 -0.649518 -0.00022991 0.47917
3.46957e-05 0.000313354 -1 0.286893
0 0 0 1
0.637493 -0.770456 -0.000212884 0.0479092
-0.770456 -0.637493 -0.000223343 0.479055
3.63638e-05 0.000306398 -1 0.286073
0 0 0 1
0.625311 -0.780375 -0.000209943 0.0468203
-0.780375 -0.625311 -0.000216822 0.47894
3.79225e-05 0.000299416 -1 0.285253
0 0 0 1
0.612975 -0.790102 -0.0002069 0.0457315
-0.790102 -0.612975 -0.000210347 0.478825
3.93713e-05 0.00029241 -1 0.284433
0 0 0 1
0.600487 -0.799634 -0.000203756 0.0446426
-0.799634 -0.600487 -0.000203921 0.47871
4.07098e-05 0.000285382 -1 0.283613
0 0 0 1
0.587851 -0.808969 -0.000200511 0.0435538
-0.808969 -0.587851 -0.000197546 0.478595
4.19378e-05 0.000278335 -1 0.282793
0 0 0 1
0.575071 -0.818104 -0.000197166 0.042465
-0.818104 -0.575071 -0.000191222 0.478481
4.3055e-05 0.000271268 -1 0.281974
0 0 0 1
0.562148 -0.827037 -0.000193722 0.0413761
-0.827037 -0.562148 -0.000184951 0.478366
4.40609e-05 0.000264185 -1 0.281154
0 0 0 1
0.549086 -0.835766 -0.000190181 0.0402873
-0.835766 -0.549086 -0.000178736 0.478251
4.49555e-05 0.000257088 -1 0.280334
0 0 0 1
0.535889 -0.844288 -0.000186542 0.0391984
-0.844288 -0.535889 -0.000172576 0.478136
4.57385e-05 0.000249977 -1 0.279514
0 0 0 1
0.52256 -0.852603 -0.000182806 0.0381096
-0.852603 -0.52256 -0.000166475 0.478021
4.64097e-05 0.000242854 -1 0.278694
0 0 0 1
0.509101 -0.860707 -0.000178976 0.0370207
-0.860707 -0.509101 -0.000160433 0.477906
4.69689e-05 0.000235722 -1 0.277874
0 0 0 1
0.495517 -0.868598 -0.000175051 0.0359319
-0.868598 -0.495517 -0.000154452 0.477791
4.74159e-05 0.000228582 -1 0.277055
0 0 0 1
0.481811 -0.876275 -0.000171032 0.0348431
-0.876275 -0.481811 -0.000148533 0.477676
4.77508e-05 0.000221436 -1 0.276235
0 0 0 1
0.467986 -0.883736 -0.000166921 0.0337542
-0.883736 -0.467986 -0.000142678 0.477561
4.79734e-05 0.000214286 -1 0.275415
0 0 0 1
0.454045 -0.890979 -0.000162719 0.0326654
-0.890979 -0.454045 -0.000136889 0.477447
4.80836e-05 0.000207133 -1 0.274595
0 0 0 1
0.439993 -0.898001 -0.000158426 0.0315765
-0.898001 -0.439993 -0.000131166 0.477332
4.80814e-05 0.000199979 -1 0.273775
0 0 0 1
0.425831 -0.904803 -0.000154043 0.0304877
-0.904803 -0.425831 -0.000125512 0.477217
4.79669e-05 0.000192826 -1 0.272955
0 0 0 1
0.411565 -0.91138 -0.000149573 0.0293988
-0.91138 -0.411565 -0.000119927 0.477102
4.77399e-05 0.000185675 -1 0.272136
0 0 0 1
0.397197 -0.917733 -0.000145015 0.02831
-0.917733 -0.397197 -0.000114413 0.476987
4.74007e-05 0.000178529 -1 0.271316
0 0 0 1
0.382731 -0.92386 -0.000140371 0.0272212
-0.92386 -0.382731 -0.000108971 0.476872
4.69493e-05 0.00017139 -1 0.270496
0 0 0 1
0.368171 -0.929758 -0.000135642 0.0261323
-0.929758 -0.368171 -0.000103602 0.476757
4.63858e-05 0.000164258 -1 0.269676
0 0 0 1
0.353519 -0.935427 -0.00013083 0.0250435
-0.935427 -0.353519 -9.83092e-05 0.476642
4.57103e-05 0.000157136 -1 0.268856
0 0 0 1
0.338781 -0.940865 -0.000125935 0.0239546
-0.940865 -0.338781 -9.30922e-05 0.476527
4.4923e-05 0.000150025 -1 0.268036
0 0 0 1
0.323959 -0.946071 -0.000120958 0.0228658
-0.946071 -0.323959 -8.79527e-05 0.476413
4.40241e-05 0.000142928 -1 0.267217
0 0 0 1
0.309056 -0.951044 -0.000115902 0.0217769
-0.951044 -0.309056 -8.2892e-05 0.476298
4.30138e-05 0.000135846 -1 0.266397
0 0 0 1
0.294078 -0.955781 -0.000110766 0.0206881
-0.955781 -0.294078 -7.79114e-05 0.476183
4.18924e-05 0.00012878 -1 0.265577
0 0 0 1
0.279027 -0.960283 -0.000105553 0.0195992
-0.960283 -0.279027 -7.30121e-05 0.476068
4.06601e-05 0.000121733 -1 0.264757
0 0 0 1
0.263907 -0.964548 -0.000100264 0.0185104
-0.964548 -0.263907 -6.81953e-05 0.475953
3.93173e-05 0.000114707 -1 0.263937
0 0 0 1
0.248722 -0.968575 -9.48995e-05 0.0174216
-0.968575 -0.248722 -6.34622e-05 0.475838
3.78642e-05 0.000107702 -1 0.263117
0 0 0 1
0.233476 -0.972363 -8.94615e-05 0.0163327
-0.972363 -0.233476 -5.88139e-05 0.475723
3.63013e-05 0.000100721 -1 0.262298
0 0 0 1
0.218172 -0.97591 -8.3951e-05 0.0152439
-0.97591 -0.218172 -5.42516e-05 0.475608
3.4629e-05 9.37649e-05 -1 0.261478
0 0 0 1
0.202814 -0.979217 -7.83696e-05 0.014155
-0.979217 -0.202814 -4.97765e-05 0.475494
3.28475e-05 8.68363e-05 -1 0.260658
0 0 0 1
0.187406 -0.982283 -7.27186e-05 0.0130662
-0.982283 -0.187406 -4.53896e-05 0.475379
3.09574e-05 7.99365e-05 -1 0.259838
0 0 0 1
0.171952 -0.985105 -6.69994e-05 0.0119773
-0.985105 -0.171952 -4.1092e-05 0.475264
2.89592e-05 7.30673e-05 -1 0.259018
0 0 0 1
0.156455 -0.987685 -6.12133e-05 0.0108885
-0.987685 -0.156455 -3.68847e-05 0.475149
2.68533e-05 6.62303e-05 -1 0.258198
0 0 0 1
0.14092 -0.990021 -5.53619e-05 0.00979966
-0.990021 -0.14092 -3.27689e-05 0.475034
2.46403e-05 5.94273e-05 -1 0.257379
0 0 0 1
0.12535 -0.992113 -4.94466e-05 0.00871082
-0.992113 -0.12535 -2.87455e-05 0.474919
2.23207e-05 5.26598e-05 -1 0.256559
0 0 0 1
0.109749 -0.993959 -4.34687e-05 0.00762197
-0.993959 -0.109749 -2.48156e-05 0.474804
1.9895e-05 4.59297e-05 -1 0.255739
0 0 0 1
0.0941214 -0.995561 -3.74299e-05 0.00653313
-0.995561 -0.0941214 -2.098e-05 0.474689
1.73639e-05 3.92384e-05 -1 0.254919
0 0 0 1
0.0784702 -0.996916 -3.13316e-05 0.00544429
-0.996916 -0.0784702 -1.72398e-05 0.474574
1.4728e-05 3.25878e-05 -1 0.254099
0 0 0 1
0.0627996 -0.998026 -2.51752e-05 0.00435544
-0.998026 -0.0627996 -1.35958e-05 0.47446
1.1988e-05 2.59794e-05 -1 0.253279
0 0 0 1
0.0471135 -0.99889 -1.89624e-05 0.0032666
-0.99889 -0.0471135 -1.0049e-05 0.474345
9.14447e-06 1.94148e-05 -1 0.25246
0 0 0 1
0.0314158 -0.999506 -1.26946e-05 0.00217776
-0.999506 -0.0314158 -6.60025e-06 0.47423
6.19818e-06 1.28957e-05 -1 0.25164
0 0 0 1
0.0157104 -0.999877 -6.37345e-06 0.00108891
-0.999877 -0.0157104 -3.25037e-06 0.474115
3.14984e-06 6.42372e-06 -1 0.25082
0 0 0 1
1.03003e-06 -1 -4.19514e-10 7.13902e-08
-1 -1.03003e-06 -2.09811e-10 0.474
2.0981e-10 4.19514e-10 -1 0.25
0 0 0 1
6.12323e-17 -1 0 2.44929e-17
-1 -6.12323e-17 1.22465e-16 0.474
-1.22465e-16 -7.4988e-33 -1 0.25
0 0 0 1
6.12323e-17 -1 -1.22465e-16 2.4248e-17
-1 -6.12323e-17 -7.4988e-33 0.474
0 1.22465e-16 -1 0.248
0 0 0 1
6.12323e-17 -1 0 2.40031e-17
-1 -6.12323e-17 1.22465e-16 0.474
-1.22465e-16 -7.4988e-33 -1 0.246
0 0 0 1
6.12323e-17 -1 -1.22465e-16 2.37581e-17
-1 -6.12323e-17 -7.4988e-33 0.474
0 1.22465e-16 -1 0.244
0 0 0 1
6.12323e-17 -1 0 2.35132e-17
-1 -6.12323e-17 1.22465e-16 0.474
-1.22465e-16 -7.4988e-33 -1 0.242
0 0 0 1
6.12323e-17 -1 -1.22465e-16 2.32683e-17
-1 -6.12323e-17 -7.4988e-33 0.474
0 1.22465e-16 -1 0.24
0 0 0 1
6.12323e-17 -1 0 2.30234e-17
-1 -6.12323e-17 1.22465e-16 0.474
-1.22465e-16 -7.4988e-33 -1 0.238
0 0 0 1
6.12323e-17 -1 -1.22465e-16 2.27784e-17
-1 -6.12323e-17 -7.4988e-33 0.474
0 1.22465e-16 -1 0.236
0 0 0 1
6.12323e-17 -1 0 2.25335e-17
-1 -6.12323e-17 1.22465e-16 0.474
-1.22465e-16 -7.4988e-33 -1 0.234
0 0 0 1
6.12323e-17 -1 -1.22465e-16 2.22886e-17
-1 -6.12323e-17 -7.4988e-33 0.474
0 1.22465e-16 -1 0.232
0 0 0 1
6.12323e-17 -1 0 2.20436e-17
-1 -6.12323e-17 1.22465e-16 0.474
-1.22465e-16 -7.4988e-33 -1 0.23
0 0 0 1
6.12323e-17 -1 -1.22465e-16 2.17987e-17
-1 -6.12323e-17 -7.4988e-33 0.474
0 1.22465e-16 -1 0.228
0 0 0 1
6.12323e-17 -1 0 2.15538e-17
-1 -6.12323e-17 1.22465e-16 0.474
-1.22465e-16 -7.4988e-33 -1 0.226
0 0 0 1
6.12323e-17 -1 -1.22465e-16 2.13089e-17
-1 -6.12323e-17 -7.4988e-33 0.474
0 1.22465e-16 -1 0.224
0 0 0 1
6.12323e-17 -1 0 2.10639e-17
-1 -6.12323e-17 1.22465e-16 0.474
-1.22465e-16 -7.4988e-33 -1 0.222
0 0 0 1
6.12323e-17 -1 -1.22465e-16 2.0819e-17
-1 -6.12323e-17 -7.4988e-33 0.474
0 1.22465e-16 -1 0.22
0 0 0 1
6.12323e-17 -1 0 2.05741e-17
-1 -6.12323e-17 1.22465e-16 0.474
-1.22465e-16 -7.4988e-33 -1 0.218
0 0 0 1
6.12323e-17 -1 -1.22465e-16 2.03291e-17
-1 -6.12323e-17 -7.4988e-33 0.474
0 1.22465e-16 -1 0.216
0 0 0 1
6.12323e-17 -1 0 2.00842e-17
-1 -6.12323e-17 1.22465e-16 0.474
-1.22465e-16 -7.4988e-33 -1 0.214
0 0 0 1
6.12323e-17 -1 -1.22465e-16 1.98393e-17
-1 -6.12323e-17 -7.4988e-33 0.474
0 1.22465e-16 -1 0.212
0 0 0 1
6.12323e-17 -1 0 1.95944e-17
-1 -6.12323e-17 1.22465e-16 0.474
-1.22465e-16 -7.4988e-33 -1 0.21
0 0 0 1
6.12323e-17 -1 -1.22465e-16 1.93494e-17
-1 -6.12323e-17 -7.4988e-33 0.474
0 1.22465e-16 -1 0.208
0 0 0 1
6.12323e-17 -1 0 1.91045e-17
-1 -6.12323e-17 1.22465e-16 0.474
-1.22465e-16 -7.4988e-33 -1 0.206
0 0 0 1
6.12323e-17 -1 -1.22465e-16 1.88596e-17
-1 -6.12323e-17 -7.4988e-33 0.474
0 1.22465e-16 -1 0.204
0 0 0 1
6.12323e-17 -1 0 1.86146e-17
-1 -6.12323e-17 1.22465e-16 0.474
-1.22465e-16 -7.4988e-33 -1 0.202
0 0 0 1
6.12323e-17 -1 -1.22465e-16 1.83697e-17
-1 -6.12323e-17 -7.4988e-33 0.474
0 1.22465e-16 -1 0.2
0 0 0 1
6.12323e-17 -1 0 1.81248e-17
-1 -6.12323e-17 1.22465e-16 0.474
-1.22465e-16 -7.4988e-33 -1 0.198
0 0 0 1
6.12323e-17 -1 -1.22465e-16 1.78798e-17
-1 -6.12323e-17 -7.4988e-33 0.474
0 1.22465e-16 -1 0.196
0 0 0 1
6.12323e-17 -1 0 1.76349e-17
-1 -6.12323e-17 1.22465e-16 0.474
-1.22465e-16 -7.4988e-33 -1 0.194
0 0 0 1
6.12323e-17 -1 -1.22465e-16 1.739e-17
-1 -6.12323e-17 -7.4988e-33 0.474
0 1.22465e-16 -1 0.192
0 0 0 1
6.12323e-17 -1 0 1.71451e-17
-1 -6.12323e-17 1.22465e-16 0.474
-1.22465e-16 -7.4988e-33 -1 0.19
0 0 0 1
6.12323e-17 -1 -1.22465e-16 1.69001e-17
-1 -6.12323e-17 -7.4988e-33 0.474
0 1.22465e-16 -1 0.188
0 0 0 1
6.12323e-17 -1 0 1.66552e-17
-1 -6.12323e-17 1.22465e-16 0.474
-1.22465e-16 -7.4988e-33 -1 0.186
0 0 0 1
6.12323e-17 -1 -1.22465e-16 1.64103e-17
-1 -6.12323e-17 -7.4988e-33 0.474
0 1.22465e-16 -1 0.184
0 0 0 1
6.12323e-17 -1 0 1.61653e-17
-1 -6.12323e-17 1.22465e-16 0.474
-1.22465e-16 -7.4988e-33 -1 0.182
0 0 0 1
6.12323e-17 -1 -1.22465e-16 1.59204e-17
-1 -6.12323e-17 -7.4988e-33 0.474
0 1.22465e-16 -1 0.18
0 0 0 1
6.12323e-17 -1 0 1.56755e-17
-1 -6.12323e-17 1.22465e-16 0.474
-1.22465e-16 -7.4988e-33 -1 0.178
0 0 0 1
6.12323e-17 -1 -1.22465e-16 1.54306e-17
-1 -6.12323e-17 -7.4988e-33 0.474
0 1.22465e-16 -1 0.176
0 0 0 1
6.12323e-17 -1 0 1.51856e-17
-1 -6.12323e-17 1.22465e-16 0.474
-1.22465e-16 -7.4988e-33 -1 0.174
0 0 0 1
6.12323e-17 -1 -1.22465e-16 1.49407e-17
-1 -6.12323e-17 -7.4988e-33 0.474
0 1.22465e-16 -1 0.172
0 0 0 1
6.12323e-17 -1 0 1.46958e-17
-1 -6.12323e-17 1.22465e-16 0.474
-1.22465e-16 -7.4988e-33 -1 0.17
0 0 0 1
6.12323e-17 -1 -1.22465e-16 1.44508e-17
-1 -6.12323e-17 -7.4988e-33 0.474
0 1.22465e-16 -1 0.168
0 0 0 1
6.12323e-17 -1 0 1.42059e-17
-1 -6.12323e-17 1.22465e-16 0.474
-1.22465e-16 -7.4988e-33 -1 0.166
0 0 0 1
6.12323e-17 -1 -1.22465e-16 1.3961e-17
-1 -6.12323e-17 -7.4988e-33 0.474
0 1.22465e-16 -1 0.164
0 0 0 1
6.12323e-17 -1 0 1.37161e-17
-1 -6.12323e-17 1.22465e-16 0.474
-1.22465e-16 -7.4988e-33 -1 0.162
0 0 0 1
6.12323e-17 -1 -1.22465e-16 1.34711e-17
-1 -6.12323e-17 -7.4988e-33 0.474
0 1.22465e-16 -1 0.16
0 0 0 1
6.12323e-17 -1 0 1.32262e-17
-1 -6.12323e-17 1.22465e-16 0.474
-1.22465e-16 -7.4988e-33 -1 0.158
0 0 0 1
6.12323e-17 -1 -1.22465e-16 1.29813e-17
-1 -6.12323e-17 -7.4988e-33 0.474
0 1.22465e-16 -1 0.156
0 0 0 1
6.12323e-17 -1 0 1.27363e-17
-1 -6.12323e-17 1.22465e-16 0.474
-1.22465e-16 -7.4988e-33 -1 0.154
0 0 0 1
6.12323e-17 -1 -1.22465e-16 1.24914e-17
-1 -6.12323e-17 -7.4988e-33 0.474
0 1.22465e-16 -1 0.152
0 0 0 1
6.12323e-17 -1 0 1.22465e-17
-1 -6.12323e-17 1.22465e-16 0.474
-1.22465e-16 -7.4988e-33 -1 0.15
0 0 0 1
6.12323e-17 -1 -1.22465e-16 1.20016e-17
-1 -6.12323e-17 -7.4988e-33 0.474
0 1.22465e-16 -1 0.148
0 0 0 1
6.12323e-17 -1 0 1.17566e-17
-1 -6.12323e-17 1.22465e-16 0.474
-1.22465e-16 -7.4988e-33 -1 0.146
0 0 0 1
6.12323e-17 -1 -1.22465e-16 1.15117e-17
-1 -6.12323e-17 -7.4988e-33 0.474
0 1.22465e-16 -1 0.144
0 0 0 1
6.12323e-17 -1 0 1.12668e-17
-1 -6.12323e-17 1.22465e-16 0.474
-1.22465e-16 -7.4988e-33 -1 0.142
0 0 0 1
6.12323e-17 -1 -1.22465e-16 1.10218e-17
-1 -6.12323e-17 -7.4988e-33 0.474
0 1.22465e-16 -1 0.14
0 0 0 1
6.12323e-17 -1 0 1.07769e-17
-1 -6.12323e-17 1.22465e-16 0.474
-1.22465e-16 -7.4988e-33 -1 0.138
0 0 0 1
6.12323e-17 -1 -1.22465e-16 1.0532e-17
-1 -6.12323e-17 -7.4988e-33 0.474
0 1.22465e-16 -1 0.136
0 0 0 1
6.12323e-17 -1 0 1.0287e-17
-1 -6.12323e-17 1.22465e-16 0.474
-1.22465e-16 -7.4988e-33 -1 0.134
0 0 0 1
6.12323e-17 -1 -1.22465e-16 1.00421e-17
-1 -6.12323e-17 -7.4988e-33 0.474
0 1.22465e-16 -1 0.132
0 0 0 1
6.12323e-17 -1 0 9.79719e-18
-1 -6.12323e-17 1.22465e-16 0.474
-1.22465e-16 -7.4988e-33 -1 0.13
0 0 0 1
6.12323e-17 -1 -1.22465e-16 9.55226e-18
-1 -6.12323e-17 -7.4988e-33 0.474
0 1.22465e-16 -1 0.128
0 0 0 1
6.12323e-17 -1 0 9.30733e-18
-1 -6.12323e-17 1.22465e-16 0.474
-1.22465e-16 -7.4988e-33 -1 0.126
0 0 0 1
6.12323e-17 -1 -1.22465e-16 9.0624e-18
-1 -6.12323e-17 -7.4988e-33 0.474
0 1.22465e-16 -1 0.124
0 0 0 1
6.12323e-17 -1 0 8.81747e-18
-1 -6.12323e-17 1.22465e-16 0.474
-1.22465e-16 -7.4988e-33 -1 0.122
0 0 0 1
6.12323e-17 -1 -1.22465e-16 8.57254e-18
-1 -6.12323e-17 -7.4988e-33 0.474
0 1.22465e-16 -1 0.12
0 0 0 1
6.12323e-17 -1 0 8.32761e-18
-1 -6.12323e-17 1.22465e-16 0.474
-1.22465e-16 -7.4988e-33 -1 0.118
0 0 0 1
6.12323e-17 -1 -1.22465e-16 8.08268e-18
-1 -6.12323e-17 -7.4988e-33 0.474
0 1.22465e-16 -1 0.116
0 0 0 1
6.12323e-17 -1 0 7.83776e-18
-1 -6.12323e-17 1.22465e-16 0.474
-1.22465e-16 -7.4988e-33 -1 0.114
0 0 0 1
6.12323e-17 -1 -1.22465e-16 7.59283e-18
-1 -6.12323e-17 -7.4988e-33 0.474
0 1.22465e-16 -1 0.112
0 0 0 1
6.12323e-17 -1 0 7.3479e-18
-1 -6.12323e-17 1.22465e-16 0.474
-1.22465e-16 -7.4988e-33 -1 0.11
0 0 0 1
6.12323e-17 -1 -1.22465e-16 7.10297e-18
-1 -6.12323e-17 -7.4988e-33 0.474
0 1.22465e-16 -1 0.108
0 0 0 1
6.12323e-17 -1 0 6.85804e-18
-1 -6.12323e-17 1.22465e-16 0.474
-1.22465e-16 -7.4988e-33 -1 0.106
0 0 0 1
6.12323e-17 -1 -1.22465e-16 6.61311e-18
-1 -6.12323e-17 -7.4988e-33 0.474
0 1.22465e-16 -1 0.104
0 0 0 1
6.12323e-17 -1 0 6.36818e-18
-1 -6.12323e-17 1.22465e-16 0.474
-1.22465e-16 -7.4988e-33 -1 0.102
0 0 0 1
6.12323e-17 -1 -1.22465e-16 6.12325e-18
-1 -6.12323e-17 -7.4988e-33 0.474
0 1.22465e-16 -1 0.1
0 0 0 1
6.12323e-17 -1 0 5.87832e-18
-1 -6.12323e-17 1.22465e-16 0.474
-1.22465e-16 -7.4988e-33 -1 0.0980001
0 0 0 1
6.12323e-17 -1 -1.22465e-16 5.63339e-18
-1 -6.12323e-17 -7.4988e-33 0.474
0 1.22465e-16 -1 0.0960001
0 0 0 1
6.12323e-17 -1 0 5.38846e-18
-1 -6.12323e-17 1.22465e-16 0.474
-1.22465e-16 -7.4988e-33 -1 0.0940001
0 0 0 1
6.12323e-17 -1 -1.22465e-16 5.14354e-18
-1 -6.12323e-17 -7.4988e-33 0.474
0 1.22465e-16 -1 0.0920002
0 0 0 1
6.12323e-17 -1 0 4.89861e-18
-1 -6.12323e-17 1.22465e-16 0.474
-1.22465e-16 -7.4988e-33 -1 0.0900002
0 0 0 1
6.12323e-17 -1 -1.22465e-16 4.65368e-18
-1 -6.12323e-17 -7.4988e-33 0.474
0 1.22465e-16 -1 0.0880002
0 0 0 1
6.12323e-17 -1 0 4.40875e-18
-1 -6.12323e-17 1.22465e-16 0.474
-1.22465e-16 -7.4988e-33 -1 0.0860002
0 0 0 1
6.12323e-17 -1 -1.22465e-16 4.16382e-18
-1 -6.12323e-17 -7.4988e-33 0.474
0 1.22465e-16 -1 0.0840002
0 0 0 1
6.12323e-17 -1 0 3.91889e-18
-1 -6.12323e-17 1.22465e-16 0.474
-1.22465e-16 -7.4988e-33 -1 0.0820002
0 0 0 1
6.12323e-17 -1 -1.22465e-16 3.67396e-18
-1 -6.12323e-17 -7.4988e-33 0.474
0 1.22465e-16 -1 0.0800002
0 0 0 1
6.12323e-17 -1 0 3.42903e-18
-1 -6.12323e-17 1.22465e-16 0.474
-1.22465e-16 -7.4988e-33 -1 0.0780002
0 0 0 1
6.12323e-17 -1 -1.22465e-16 3.1841e-18
-1 -6.12323e-17 -7.4988e-33 0.474
0 1.22465e-16 -1 0.0760002
0 0 0 1
6.12323e-17 -1 0 2.93917e-18
-1 -6.12323e-17 1.22465e-16 0.474
-1.22465e-16 -7.4988e-33 -1 0.0740002
0 0 0 1
6.12323e-17 -1 -1.22465e-16 2.69424e-18
-1 -6.12323e-17 -7.4988e-33 0.474
0 1.22465e-16 -1 0.0720002
0 0 0 1
6.12323e-17 -1 0 2.44931e-18
-1 -6.12323e-17 1.22465e-16 0.474
-1.22465e-16 -7.4988e-33 -1 0.0700002
0 0 0 1
6.12323e-17 -1 -1.22465e-16 2.20439e-18
-1 -6.12323e-17 -7.4988e-33 0.474
0 1.22465e-16 -1 0.0680002
0 0 0 1
6.12323e-17 -1 0 1.95946e-18
-1 -6.12323e-17 1.22465e-16 0.474
-1.22465e-16 -7.4988e-33 -1 0.0660002
0 0 0 1
6.12323e-17 -1 -1.22465e-16 1.71453e-18
-1 -6.12323e-17 -7.4988e-33 0.474
0 1.22465e-16 -1 0.0640002
0 0 0 1
6.12323e-17 -1 0 1.4696e-18
-1 -6.12323e-17 1.22465e-16 0.474
-1.22465e-16 -7.4988e-33 -1 0.0620002
0 0 0 1
6.12323e-17 -1 -1.22465e-16 1.22467e-18
-1 -6.12323e-17 -7.4988e-33 0.474
0 1.22465e-16 -1 0.0600002
0 0 0 1
6.12323e-17 -1 0 9.7974e-19
-1 -6.12323e-17 1.22465e-16 0.474
-1.22465e-16 -7.4988e-33 -1 0.0580002
0 0 0 1
6.12323e-17 -1 -1.22465e-16 7.34811e-19
-1 -6.12323e-17 -7.4988e-33 0.474
0 1.22465e-16 -1 0.0560002
0 0 0 1
6.12323e-17 -1 0 4.89882e-19
-1 -6.12323e-17 1.22465e-16 0.474
-1.22465e-16 -7.4988e-33 -1 0.0540002
0 0 0 1
6.12323e-17 -1 -1.22465e-16 2.44952e-19
-1 -6.12323e-17 -7.4988e-33 0.474
0 1.22465e-16 -1 0.0520002
0 0 0 1
6.12323e-17 -1 0 2.33583e-23
-1 -6.12323e-17 1.22465e-16 0.474
-1.22465e-16 -7.4988e-33 -1 0.0500002
0 0 0 1
6.12323e-17 -1 0 0
-1 -6.12323e-17 1.22465e-16 0.474
-1.22465e-16 -7.4988e-33 -1 0.05
0 0 0 1
6.12323e-17 -1 -1.22465e-16 2.44929e-19
-1 -6.12323e-17 -7.4988e-33 0.474
0 1.22465e-16 -1 0.052
0 0 0 1
6.12323e-17 -1 0 4.89858e-19
-1 -6.12323e-17 1.22465e-16 0.474
-1.22465e-16 -7.4988e-33 -1 0.054
0 0 0 1
6.12323e-17 -1 -1.22465e-16 7.34787e-19
-1 -6.12323e-17 -7.4988e-33 0.474
0 1.22465e-16 -1 0.056
0 0 0 1
6.12323e-17 -1 0 9.79717e-19
-1 -6.12323e-17 1.22465e-16 0.474
-1.22465e-16 -7.4988e-33 -1 0.058
0 0 0 1
6.12323e-17 -1 -1.22465e-16 1.22465e-18
-1 -6.12323e-17 -7.4988e-33 0.474
0 1.22465e-16 -1 0.06
0 0 0 1
6.12323e-17 -1 0 1.46957e-18
-1 -6.12323e-17 1.22465e-16 0.474
-1.22465e-16 -7.4988e-33 -1 0.062
0 0 0 1
6.12323e-17 -1 -1.22465e-16 1.7145e-18
-1 -6.12323e-17 -7.4988e-33 0.474
0 1.22465e-16 -1 0.064
0 0 0 1
6.12323e-17 -1 0 1.95943e-18
-1 -6.12323e-17 1.22465e-16 0.474
-1.22465e-16 -7.4988e-33 -1 0.066
0 0 0 1
6.12323e-17 -1 -1.22465e-16 2.20436e-18
-1 -6.12323e-17 -7.4988e-33 0.474
0 1.22465e-16 -1 0.068
0 0 0 1
6.12323e-17 -1 0 2.44929e-18
-1 -6.12323e-17 1.22465e-16 0.474
-1.22465e-16 -7.4988e-33 -1 0.07
0 0 0 1
6.12323e-17 -1 -1.22465e-16 2.69422e-18
-1 -6.12323e-17 -7.4988e-33 0.474
0 1.22465e-16 -1 0.072
0 0 0 1
6.12323e-17 -1 0 2.93915e-18
-1 -6.12323e-17 1.22465e-16 0.474
-1.22465e-16 -7.4988e-33 -1 0.074
0 0 0 1
6.12323e-17 -1 -1.22465e-16 3.18408e-18
-1 -6.12323e-17 -7.4988e-33 0.474
0 1.22465e-16 -1 0.076
0 0 0 1
6.12323e-17 -1 0 3.42901e-18
-1 -6.12323e-17 1.22465e-16 0.474
-1.22465e-16 -7.4988e-33 -1 0.078
0 0 0 1
6.12323e-17 -1 -1.22465e-16 3.67394e-18
-1 -6.12323e-17 -7.4988e-33 0.474
0 1.22465e-16 -1 0.08
0 0 0 1
6.12323e-17 -1 0 3.91887e-18
-1 -6.12323e-17 1.22465e-16 0.474
-1.22465e-16 -7.4988e-33 -1 0.082
0 0 0 1
6.12323e-17 -1 -1.22465e-16 4.1638e-18
-1 -6.12323e-17 -7.4988e-33 0.474
0 1.22465e-16 -1 0.084
0 0 0 1
6.12323e-17 -1 0 4.40872e-18
-1 -6.12323e-17 1.22465e-16 0.474
-1.22465e-16 -7.4988e-33 -1 0.086
0 0 0 1
6.12323e-17 -1 -1.22465e-16 4.65365e-18
-1 -6.12323e-17 -7.4988e-33 0.474
0 1.22465e-16 -1 0.088
0 0 0 1
6.12323e-17 -1 0 4.89858e-18
-1 -6.12323e-17 1.22465e-16 0.474
-1.22465e-16 -7.4988e-33 -1 0.09
0 0 0 1
6.12323e-17 -1 -1.22465e-16 5.14351e-18
-1 -6.12323e-17 -7.4988e-33 0.474
0 1.22465e-16 -1 0.092
0 0 0 1
6.12323e-17 -1 0 5.38844e-18
-1 -6.12323e-17 1.22465e-16 0.474
-1.22465e-16 -7.4988e-33 -1 0.094
0 0 0 1
6.12323e-17 -1 -1.22465e-16 5.63337e-18
-1 -6.12323e-17 -7.4988e-33 0.474
0 1.22465e-16 -1 0.096
0 0 0 1
6.12323e-17 -1 0 5.8783e-18
-1 -6.12323e-17 1.22465e-16 0.474
-1.22465e-16 -7.4988e-33 -1 0.098
0 0 0 1
6.12323e-17 -1 -1.22465e-16 6.12323e-18
-1 -6.12323e-17 -7.4988e-33 0.474
0 1.22465e-16 -1 0.1
0 0 0 1
6.12323e-17 -1 0 6.36816e-18
-1 -6.12323e-17 1.22465e-16 0.474
-1.22465e-16 -7.4988e-33 -1 0.102
0 0 0 1
6.12323e-17 -1 -1.22465e-16 6.61309e-18
-1 -6.12323e-17 -7.4988e-33 0.474
0 1.22465e-16 -1 0.104
0 0 0 1
6.12323e-17 -1 0 6.85802e-18
-1 -6.12323e-17 1.22465e-16 0.474
-1.22465e-16 -7.4988e-33 -1 0.106
0 0 0 1
6.12323e-17 -1 -1.22465e-16 7.10294e-18
-1 -6.12323e-17 -7.4988e-33 0.474
0 1.22465e-16 -1 0.108
0 0 0 1
6.12323e-17 -1 0 7.34787e-18
-1 -6.12323e-17 1.22465e-16 0.474
-1.22465e-16 -7.4988e-33 -1 0.11
0 0 0 1
6.12323e-17 -1 -1.22465e-16 7.5928e-18
-1 -6.12323e-17 -7.4988e-33 0.474
0 1.22465e-16 -1 0.112
0 0 0 1
6.12323e-17 -1 0 7.83773e-18
-1 -6.12323e-17 1.22465e-16 0.474
-1.22465e-16 -7.4988e-33 -1 0.114
0 0 0 1
6.12323e-17 -1 -1.22465e-16 8.08266e-18
-1 -6.12323e-17 -7.4988e-33 0.474
0 1.22465e-16 -1 0.116
0 0 0 1
6.12323e-17 -1 0 8.32759e-18
-1 -6.12323e-17 1.22465e-16 0.474
-1.22465e-16 -7.4988e-33 -1 0.118
0 0 0 1
6.12323e-17 -1 -1.22465e-16 8.57252e-18
-1 -6.12323e-17 -7.4988e-33 0.474
0 1.22465e-16 -1 0.12
0 0 0 1
6.12323e-17 -1 0 8.81745e-18
-1 -6.12323e-17 1.22465e-16 0.474
-1.22465e-16 -7.4988e-33 -1 0.122
0 0 0 1
6.12323e-17 -1 -1.22465e-16 9.06238e-18
-1 -6.12323e-17 -7.4988e-33 0.474
0 1.22465e-16 -1 0.124
0 0 0 1
6.12323e-17 -1 0 9.30731e-18
-1 -6.12323e-17 1.22465e-16 0.474
-1.22465e-16 -7.4988e-33 -1 0.126
0 0 0 1
6.12323e-17 -1 -1.22465e-16 9.55224e-18
-1 -6.12323e-17 -7.4988e-33 0.474
0 1.22465e-16 -1 0.128
0 0 0 1
6.12323e-17 -1 0 9.79717e-18
-1 -6.12323e-17 1.22465e-16 0.474
-1.22465e-16 -7.4988e-33 -1 0.13
0 0 0 1
6.12323e-17 -1 -1.22465e-16 1.00421e-17
-1 -6.12323e-17 -7.4988e-33 0.474
0 1.22465e-16 -1 0.132
0 0 0 1
6.12323e-17 -1 0 1.0287e-17
-1 -6.12323e-17 1.22465e-16 0.474
-1.22465e-16 -7.4988e-33 -1 0.134
0 0 0 1
6.12323e-17 -1 -1.22465e-16 1.0532e-17
-1 -6.12323e-17 -7.4988e-33 0.474
0 1.22465e-16 -1 0.136
0 0 0 1
6.12323e-17 -1 0 1.07769e-17
-1 -6.12323e-17 1.22465e-16 0.474
-1.22465e-16 -7.4988e-33 -1 0.138
0 0 0 1
6.12323e-17 -1 -1.22465e-16 1.10218e-17
-1 -6.12323e-17 -7.4988e-33 0.474
0 1.22465e-16 -1 0.14
0 0 0 1
6.12323e-17 -1 0 1.12667e-17
-1 -6.12323e-17 1.22465e-16 0.474
-1.22465e-16 -7.4988e-33 -1 0.142
0 0 0 1
6.12323e-17 -1 -1.22465e-16 1.15117e-17
-1 -6.12323e-17 -7.4988e-33 0.474
0 1.22465e-16 -1 0.144
0 0 0 1
6.12323e-17 -1 0 1.17566e-17
-1 -6.12323e-17 1.22465e-16 0.474
-1.22465e-16 -7.4988e-33 -1 0.146
0 0 0 1
6.12323e-17 -1 -1.22465e-16 1.20015e-17
-1 -6.12323e-17 -7.4988e-33 0.474
0 1.22465e-16 -1 0.148
0 0 0 1
6.12323e-17 -1 0 1.22465e-17
-1 -6.12323e-17 1.22465e-16 0.474
-1.22465e-16 -7.4988e-33 -1 0.15
0 0 0 1
6.12323e-17 -1 -1.22465e-16 1.24914e-17
-1 -6.12323e-17 -7.4988e-33 0.474
0 1.22465e-16 -1 0.152
0 0 0 1
6.12323e-17 -1 0 1.27363e-17
-1 -6.12323e-17 1.22465e-16 0.474
-1.22465e-16 -7.4988e-33 -1 0.154
0 0 0 1
6.12323e-17 -1 -1.22465e-16 1.29812e-17
-1 -6.12323e-17 -7.4988e-33 0.474
0 1.22465e-16 -1 0.156
0 0 0 1
6.12323e-17 -1 0 1.32262e-17
-1 -6.12323e-17 1.22465e-16 0.474
-1.22465e-16 -7.4988e-33 -1 0.158
0 0 0 1
6.12323e-17 -1 -1.22465e-16 1.34711e-17
-1 -6.12323e-17 -7.4988e-33 0.474
0 1.22465e-16 -1 0.16
0 0 0 1
6.12323e-17 -1 0 1.3716e-17
-1 -6.12323e-17 1.22465e-16 0.474
-1.22465e-16 -7.4988e-33 -1 0.162
0 0 0 1
6.12323e-17 -1 -1.22465e-16 1.3961e-17
-1 -6.12323e-17 -7.4988e-33 0.474
0 1.22465e-16 -1 0.164
0 0 0 1
6.12323e-17 -1 0 1.42059e-17
-1 -6.12323e-17 1.22465e-16 0.474
-1.22465e-16 -7.4988e-33 -1 0.166
0 0 0 1
6.12323e-17 -1 -1.22465e-16 1.44508e-17
-1 -6.12323e-17 -7.4988e-33 0.474
0 1.22465e-16 -1 0.168
0 0 0 1
6.12323e-17 -1 0 1.46957e-17
-1 -6.12323e-17 1.22465e-16 0.474
-1.22465e-16 -7.4988e-33 -1 0.17
0 0 0 1
6.12323e-17 -1 -1.22465e-16 1.49407e-17
-1 -6.12323e-17 -7.4988e-33 0.474
0 1.22465e-16 -1 0.172
0 0 0 1
6.12323e-17 -1 0 1.51856e-17
-1 -6.12323e-17 1.22465e-16 0.474
-1.22465e-16 -7.4988e-33 -1 0.174
0 0 0 1
6.12323e-17 -1 -1.22465e-16 1.54305e-17
-1 -6.12323e-17 -7.4988e-33 0.474
0 1.22465e-16 -1 0.176
0 0 0 1
6.12323e-17 -1 0 1.56755e-17
-1 -6.12323e-17 1.22465e-16 0.474
-1.22465e-16 -7.4988e-33 -1 0.178
0 0 0 1
6.12323e-17 -1 -1.22465e-16 1.59204e-17
-1 -6.12323e-17 -7.4988e-33 0.474
0 1.22465e-16 -1 0.18
0 0 0 1
6.12323e-17 -1 0 1.61653e-17
-1 -6.12323e-17 1.22465e-16 0.474
-1.22465e-16 -7.4988e-33 -1 0.182
0 0 0 1
6.12323e-17 -1 -1.22465e-16 1.64103e-17
-1 -6.12323e-17 -7.4988e-33 0.474
0 1.22465e-16 -1 0.184
0 0 0 1
6.12323e-17 -1 0 1.66552e-17
-1 -6.12323e-17 1.22465e-16 0.474
-1.22465e-16 -7.4988e-33 -1 0.186
0 0 0 1
6.12323e-17 -1 -1.22465e-16 1.69001e-17
-1 -6.12323e-17 -7.4988e-33 0.474
0 1.22465e-16 -1 0.188
0 0 0 1
6.12323e-17 -1 0 1.7145e-17
-1 -6.12323e-17 1.22465e-16 0.474
-1.22465e-16 -7.4988e-33 -1 0.19
0 0 0 1
6.12323e-17 -1 -1.22465e-16 1.739e-17
-1 -6.12323e-17 -7.4988e-33 0.474
0 1.22465e-16 -1 0.192
0 0 0 1
6.12323e-17 -1 0 1.76349e-17
-1 -6.12323e-17 1.22465e-16 0.474
-1.22465e-16 -7.4988e-33 -1 0.194
0 0 0 1
6.12323e-17 -1 -1.22465e-16 1.78798e-17
-1 -6.12323e-17 -7.4988e-33 0.474
0 1.22465e-16 -1 0.196
0 0 0 1
6.12323e-17 -1 0 1.81248e-17
-1 -6.12323e-17 1.22465e-16 0.474
-1.22465e-16 -7.4988e-33 -1 0.198
0 0 0 1
6.12323e-17 -1 -1.22465e-16 1.83697e-17
-1 -6.12323e-17 -7.4988e-33 0.474
0 1.22465e-16 -1 0.2
0 0 0 1
6.12323e-17 -1 0 1.86146e-17
-1 -6.12323e-17 1.22465e-16 0.474
-1.22465e-16 -7.4988e-33 -1 0.202
0 0 0 1
6.12323e-17 -1 -1.22465e-16 1.88595e-17
-1 -6.12323e-17 -7.4988e-33 0.474
0 1.22465e-16 -1 0.204
0 0 0 1
6.12323e-17 -1 0 1.91045e-17
-1 -6.12323e-17 1.22465e-16 0.474
-1.22465e-16 -7.4988e-33 -1 0.206
0 0 0 1
6.12323e-17 -1 -1.22465e-16 1.93494e-17
-1 -6.12323e-17 -7.4988e-33 0.474
0 1.22465e-16 -1 0.208
0 0 0 1
6.12323e-17 -1 0 1.95943e-17
-1 -6.12323e-17 1.22465e-16 0.474
-1.22465e-16 -7.4988e-33 -1 0.21
0 0 0 1
6.12323e-17 -1 -1.22465e-16 1.98393e-17
-1 -6.12323e-17 -7.4988e-33 0.474
0 1.22465e-16 -1 0.212
0 0 0 1
6.12323e-17 -1 0 2.00842e-17
-1 -6.12323e-17 1.22465e-16 0.474
-1.22465e-16 -7.4988e-33 -1 0.214
0 0 0 1
6.12323e-17 -1 -1.22465e-16 2.03291e-17
-1 -6.12323e-17 -7.4988e-33 0.474
0 1.22465e-16 -1 0.216
0 0 0 1
6.12323e-17 -1 0 2.0574e-17
-1 -6.12323e-17 1.22465e-16 0.474
-1.22465e-16 -7.4988e-33 -1 0.218
0 0 0 1
6.12323e-17 -1 -1.22465e-16 2.0819e-17
-1 -6.12323e-17 -7.4988e-33 0.474
0 1.22465e-16 -1 0.22
0 0 0 1
6.12323e-17 -1 0 2.10639e-17
-1 -6.12323e-17 1.22465e-16 0.474
-1.22465e-16 -7.4988e-33 -1 0.222
0 0 0 1
6.12323e-17 -1 -1.22465e-16 2.13088e-17
-1 -6.12323e-17 -7.4988e-33 0.474
0 1.22465e-16 -1 0.224
0 0 0 1
6.12323e-17 -1 0 2.15538e-17
-1 -6.12323e-17 1.22465e-16 0.474
-1.22465e-16 -7.4988e-33 -1 0.226
0 0 0 1
6.12323e-17 -1 -1.22465e-16 2.17987e-17
-1 -6.12323e-17 -7.4988e-33 0.474
0 1.22465e-16 -1 0.228
0 0 0 1
6.12323e-17 -1 0 2.20436e-17
-1 -6.12323e-17 1.22465e-16 0.474
-1.22465e-16 -7.4988e-33 -1 0.23
0 0 0 1
6.12323e-17 -1 -1.22465e-16 2.22886e-17
-1 -6.12323e-17 -7.4988e-33 0.474
0 1.22465e-16 -1 0.232
0 0 0 1
6.12323e-17 -1 0 2.25335e-17
-1 -6.12323e-17 1.22465e-16 0.474
-1.22465e-16 -7.4988e-33 -1 0.234
0 0 0 1
6.12323e-17 -1 -1.22465e-16 2.27784e-17
-1 -6.12323e-17 -7.4988e-33 0.474
0 1.22465e-16 -1 0.236
0 0 0 1
6.12323e-17 -1 0 2.30233e-17
-1 -6.12323e-17 1.22465e-16 0.474
-1.22465e-16 -7.4988e-33 -1 0.238
0 0 0 1
6.12323e-17 -1 -1.22465e-16 2.32683e-17
-1 -6.12323e-17 -7.4988e-33 0.474
0 1.22465e-16 -1 0.24
0 0 0 1
6.12323e-17 -1 0 2.35132e-17
-1 -6.12323e-17 1.22465e-16 0.474
-1.22465e-16 -7.4988e-33 -1 0.242
0 0 0 1
6.12323e-17 -1 -1.22465e-16 2.37581e-17
-1 -6.12323e-17 -7.4988e-33 0.474
0 1.22465e-16 -1 0.244
0 0 0 1
6.12323e-17 -1 0 2.40031e-17
-1 -6.12323e-17 1.22465e-16 0.474
-1.22465e-16 -7.4988e-33 -1 0.246
0 0 0 1
6.12323e-17 -1 -1.22465e-16 2.4248e-17
-1 -6.12323e-17 -7.4988e-33 0.474
0 1.22465e-16 -1 0.248
0 0 0 1
6.12323e-17 -1 0 2.44929e-17
-1 -6.12323e-17 1.22465e-16 0.474
-1.22465e-16 -7.4988e-33 -1 0.25
0 0 0 1
1.24338e-07 -0.999999 0.00122208 2.44929e-17
-1 -1.24491e-07 -1.24338e-07 0.474
1.24491e-07 -0.00122208 -0.999999 0.25
0 0 0 1
0.0157092 -0.999876 -0.00121878 0.00108884
-0.999877 -0.0157092 -1.26503e-05 0.474115
-6.49737e-06 0.00121883 -0.999999 0.25082
0 0 0 1
0.0314149 -0.999506 0.00120879 0.00217769
-0.999506 -0.0314149 3.16671e-05 0.47423
6.32247e-06 -0.00120919 -0.999999 0.25164
0 0 0 1
0.0471124 -0.998889 -0.00121158 0.00326653
-0.99889 -0.0471124 -3.80366e-05 0.474345
-1.90863e-05 0.00121203 -0.999999 0.252459
0 0 0 1
0.0627987 -0.998025 0.0011945 0.00435537
-0.998026 -0.0627987 6.30253e-05 0.47446
1.21123e-05 -0.0011961 -0.999999 0.253279
0 0 0 1
0.078469 -0.996916 -0.00120359 0.00544422
-0.996917 -0.078469 -6.31842e-05 0.474574
-3.14555e-05 0.00120484 -0.999999 0.254099
0 0 0 1
0.0941205 -0.99556 0.00117924 0.00653306
-0.995561 -0.0941205 9.39191e-05 0.474689
1.74882e-05 -0.00118284 -0.999999 0.254919
0 0 0 1
0.109748 -0.993959 -0.00119482 0.0076219
-0.993959 -0.109748 -8.80684e-05 0.474804
-4.35927e-05 0.00119727 -0.999999 0.255739
0 0 0 1
0.125349 -0.992112 0.00116301 0.00871075
-0.992113 -0.125349 0.000124318 0.474919
2.2445e-05 -0.00116942 -0.999999 0.256559
0 0 0 1
0.140919 -0.99002 -0.00118526 0.00979959
-0.990021 -0.140919 -0.000112665 0.475034
-5.54859e-05 0.00118931 -0.999999 0.257378
0 0 0 1
0.156455 -0.987684 0.00114584 0.0108884
-0.987685 -0.156454 0.000154193 0.475149
2.69777e-05 -0.00115585 -0.999999 0.258198
0 0 0 1
0.171951 -0.985105 -0.00117494 0.0119773
-0.985106 -0.171951 -0.000136949 0.475264
-6.71234e-05 0.00118099 -0.999999 0.259018
0 0 0 1
0.187405 -0.982282 0.00112773 0.0130661
-0.982283 -0.187405 0.000183513 0.475379
3.10818e-05 -0.00114214 -0.999999 0.259838
0 0 0 1
0.202813 -0.979217 -0.00116386 0.014155
-0.979218 -0.202813 -0.000160896 0.475494
-7.84936e-05 0.0011723 -0.999999 0.260658
0 0 0 1
0.218171 -0.97591 0.00110872 0.0152438
-0.975911 -0.218171 0.00021225 0.475608
3.47533e-05 -0.00112832 -0.999999 0.261478
0 0 0 1
0.233475 -0.972362 -0.00115203 0.0163326
-0.972363 -0.233475 -0.000184484 0.475723
-8.95854e-05 0.00116327 -0.999999 0.262297
0 0 0 1
0.248721 -0.968574 0.00108881 0.0174215
-0.968575 -0.248721 0.000240375 0.475838
3.79886e-05 -0.00111438 -0.999999 0.263117
0 0 0 1
0.263906 -0.964548 -0.00113947 0.0185103
-0.964548 -0.263906 -0.000207688 0.475953
-0.000100388 0.00115389 -0.999999 0.263937
0 0 0 1
0.279026 -0.960283 0.00106803 0.0195992
-0.960284 -0.279026 0.000267861 0.476068
4.07845e-05 -0.00110035 -0.999999 0.264757
0 0 0 1
0.294077 -0.955781 -0.00112619 0.020688
-0.955782 -0.294077 -0.000230487 0.476183
-0.00011089 0.00114417 -0.999999 0.265577
0 0 0 1
0.309056 -0.951043 0.00104639 0.0217769
-0.951044 -0.309055 0.000294681 0.476298
4.31382e-05 -0.00108624 -0.999999 0.266397
0 0 0 1
0.323957 -0.946071 -0.00111219 0.0228657
-0.946072 -0.323957 -0.000252857 0.476413
-0.000121082 0.00113413 -0.999999 0.267216
0 0 0 1
0.33878 -0.940865 0.00102392 0.0239545
-0.940866 -0.33878 0.000320807 0.476527
4.50474e-05 -0.00107206 -0.999999 0.268036
0 0 0 1
0.353518 -0.935427 -0.0010975 0.0250434
-0.935428 -0.353518 -0.000274776 0.476642
-0.000130954 0.00112377 -0.999999 0.268856
0 0 0 1
0.36817 -0.929758 0.00100064 0.0261322
-0.929759 -0.36817 0.000346215 0.476757
4.65102e-05 -0.00105782 -0.999999 0.269676
0 0 0 1
0.38273 -0.92386 -0.00108213 0.0272211
-0.92386 -0.38273 -0.000296223 0.476872
-0.000140495 0.00111311 -0.999999 0.270496
0 0 0 1
0.397196 -0.917733 0.000976579 0.0283099
-0.917734 -0.397196 0.000370879 0.476987
4.75252e-05 -0.00104355 -0.999999 0.271316
0 0 0 1
0.411564 -0.91138 -0.00106609 0.0293988
-0.911381 -0.411564 -0.000317176 0.477102
-0.000149697 0.00110215 -0.999999 0.272135
0 0 0 1
0.425831 -0.904802 0.000951752 0.0304876
-0.904803 -0.42583 0.000394775 0.477217
4.80913e-05 -0.00102926 -0.999999 0.272955
0 0 0 1
0.439992 -0.898001 -0.0010494 0.0315765
-0.898002 -0.439992 -0.000337616 0.477332
-0.00015855 0.00109091 -0.999999 0.273775
0 0 0 1
0.454045 -0.890978 0.000926186 0.0326653
-0.890979 -0.454044 0.00041788 0.477447
4.82081e-05 -0.00101495 -0.999999 0.274595
0 0 0 1
0.467985 -0.883736 -0.00103208 0.0337541
-0.883736 -0.467985 -0.00035752 0.477561
-0.000167045 0.0010794 -0.999999 0.275415
0 0 0 1
0.48181 -0.876275 0.000899907 0.034843
-0.876275 -0.48181 0.000440169 0.477676
4.78753e-05 -0.00100064 -0.999999 0.276235
0 0 0 1
0.495516 -0.868598 -0.00101414 0.0359318
-0.868599 -0.495516 -0.000376871 0.477791
-0.000175175 0.00106763 -0.999999 0.277054
0 0 0 1
0.509101 -0.860707 0.000872941 0.0370207
-0.860707 -0.5091 0.000461622 0.477906
4.70933e-05 -0.000986359 -1 0.277874
0 0 0 1
0.522559 -0.852603 -0.000995605 0.0381095
-0.852603 -0.522559 -0.000395649 0.478021
-0.00018293 0.00105561 -0.999999 0.278694
0 0 0 1
0.535888 -0.844288 0.000845314 0.0391984
-0.844289 -0.535888 0.000482218 0.478136
4.5863e-05 -0.000972104 -1 0.279514
0 0 0 1
0.549085 -0.835766 -0.000976486 0.0402872
-0.835766 -0.549085 -0.000413835 0.478251
-0.000190305 0.00104335 -0.999999 0.280334
0 0 0 1
0.562147 -0.827037 0.000817054 0.041376
-0.827037 -0.562147 0.000501935 0.478366
4.41854e-05 -0.000957896 -1 0.281154
0 0 0 1
0.57507 -0.818104 -0.000956806 0.0424649
-0.818104 -0.575069 -0.000431412 0.478481
-0.00019729 0.00103086 -0.999999 0.281973
0 0 0 1
0.587851 -0.808969 0.000788188 0.0435537
-0.808969 -0.587851 0.000520755 0.478595
4.20624e-05 -0.000943746 -1 0.282793
0 0 0 1
0.600486 -0.799634 -0.000936583 0.0446426
-0.799635 -0.600486 -0.000448362 0.47871
-0.00020388 0.00101816 -0.999999 0.283613
0 0 0 1
0.612974 -0.790103 0.000758746 0.0457314
-0.790103 -0.612974 0.000538659 0.478825
3.94958e-05 -0.000929671 -1 0.284433
0 0 0 1
0.62531 -0.780376 -0.000915838 0.0468203
-0.780376 -0.62531 -0.000464668 0.47894
-0.000210067 0.00100526 -0.999999 0.285253
0 0 0 1
0.637493 -0.770456 0.000728755 0.0479091
-0.770456 -0.637492 0.000555629 0.479055
